

16 янв. 02:52:53.844
[YDB Query Error]: Unexpected transport error code 16! Error itself: {"code":16,"details":"authentication header is missing","metadata":{"content-type":["application/grpc"],"grpc-status-details-bin":[{"type":"Buffer","data":[8,16,18,32,97,117,116,104,101,110,116,105,99,97,116,105,111,110,32,104,101,97,100,101,114,32,105,115,32,109,105,115,115,105,110,103,26,84,10,42,116,121,112,101,46,103,111,111,103,108,101,97,112,105,115,46,99,111,109,47,103,111,111,103,108,101,46,114,112,99,46,82,101,113,117,101,115,116,73,110,102,111,18,38,10,36,53,102,101,101,52,56,53,101,45,101,100,48,102,45,52,50,52,57,45,57,57,53,99,45,100,102,57,98,102,48,97,50,49,57,50,55]}],"x-request-id":["5fee485e-ed0f-4249-995c-df9bf0a21927"]}}

16 янв. 02:52:53.844
[YDB Query Error]: Unexpected transport error code 16! Error itself: {"code":16,"details":"authentication header is missing","metadata":{"content-type":["application/grpc"],"grpc-status-details-bin":[{"type":"Buffer","data":[8,16,18,32,97,117,116,104,101,110,116,105,99,97,116,105,111,110,32,104,101,97,100,101,114,32,105,115,32,109,105,115,115,105,110,103,26,84,10,42,116,121,112,101,46,103,111,111,103,108,101,97,112,105,115,46,99,111,109,47,103,111,111,103,108,101,46,114,112,99,46,82,101,113,117,101,115,116,73,110,102,111,18,38,10,36,53,102,101,101,52,56,53,101,45,101,100,48,102,45,52,50,52,57,45,57,57,53,99,45,100,102,57,98,102,48,97,50,49,57,50,55]}],"x-request-id":["5fee485e-ed0f-4249-995c-df9bf0a21927"]}}

16 янв. 02:52:53.843
[YDB Query Error]: Unexpected transport error code 16! Error itself: {"code":16,"details":"authentication header is missing","metadata":{"content-type":["application/grpc"],"grpc-status-details-bin":[{"type":"Buffer","data":[8,16,18,32,97,117,116,104,101,110,116,105,99,97,116,105,111,110,32,104,101,97,100,101,114,32,105,115,32,109,105,115,115,105,110,103,26,84,10,42,116,121,112,101,46,103,111,111,103,108,101,97,112,105,115,46,99,111,109,47,103,111,111,103,108,101,46,114,112,99,46,82,101,113,117,101,115,116,73,110,102,111,18,38,10,36,53,102,101,101,52,56,53,101,45,101,100,48,102,45,52,50,52,57,45,57,57,53,99,45,100,102,57,98,102,48,97,50,49,57,50,55]}],"x-request-id":["5fee485e-ed0f-4249-995c-df9bf0a21927"]}}

16 янв. 02:52:53.843
[YDB Query Error]: Unexpected transport error code 16! Error itself: {"code":16,"details":"authentication header is missing","metadata":{"content-type":["application/grpc"],"grpc-status-details-bin":[{"type":"Buffer","data":[8,16,18,32,97,117,116,104,101,110,116,105,99,97,116,105,111,110,32,104,101,97,100,101,114,32,105,115,32,109,105,115,115,105,110,103,26,84,10,42,116,121,112,101,46,103,111,111,103,108,101,97,112,105,115,46,99,111,109,47,103,111,111,103,108,101,46,114,112,99,46,82,101,113,117,101,115,116,73,110,102,111,18,38,10,36,53,102,101,101,52,56,53,101,45,101,100,48,102,45,52,50,52,57,45,57,57,53,99,45,100,102,57,98,102,48,97,50,49,57,50,55]}],"x-request-id":["5fee485e-ed0f-4249-995c-df9bf0a21927"]}}

16 янв. 02:52:53.843
[YDB Query Error]: Unexpected transport error code 16! Error itself: {"code":16,"details":"authentication header is missing","metadata":{"content-type":["application/grpc"],"grpc-status-details-bin":[{"type":"Buffer","data":[8,16,18,32,97,117,116,104,101,110,116,105,99,97,116,105,111,110,32,104,101,97,100,101,114,32,105,115,32,109,105,115,115,105,110,103,26,84,10,42,116,121,112,101,46,103,111,111,103,108,101,97,112,105,115,46,99,111,109,47,103,111,111,103,108,101,46,114,112,99,46,82,101,113,117,101,115,116,73,110,102,111,18,38,10,36,53,102,101,101,52,56,53,101,45,101,100,48,102,45,52,50,52,57,45,57,57,53,99,45,100,102,57,98,102,48,97,50,49,57,50,55]}],"x-request-id":["5fee485e-ed0f-4249-995c-df9bf0a21927"]}}

16 янв. 02:52:53.843
[YDB Query Error]: Unexpected transport error code 16! Error itself: {"code":16,"details":"authentication header is missing","metadata":{"content-type":["application/grpc"],"grpc-status-details-bin":[{"type":"Buffer","data":[8,16,18,32,97,117,116,104,101,110,116,105,99,97,116,105,111,110,32,104,101,97,100,101,114,32,105,115,32,109,105,115,115,105,110,103,26,84,10,42,116,121,112,101,46,103,111,111,103,108,101,97,112,105,115,46,99,111,109,47,103,111,111,103,108,101,46,114,112,99,46,82,101,113,117,101,115,116,73,110,102,111,18,38,10,36,53,102,101,101,52,56,53,101,45,101,100,48,102,45,52,50,52,57,45,57,57,53,99,45,100,102,57,98,102,48,97,50,49,57,50,55]}],"x-request-id":["5fee485e-ed0f-4249-995c-df9bf0a21927"]}}

16 янв. 02:52:53.843
[YDB Query Error]: Unexpected transport error code 16! Error itself: {"code":16,"details":"authentication header is missing","metadata":{"content-type":["application/grpc"],"grpc-status-details-bin":[{"type":"Buffer","data":[8,16,18,32,97,117,116,104,101,110,116,105,99,97,116,105,111,110,32,104,101,97,100,101,114,32,105,115,32,109,105,115,115,105,110,103,26,84,10,42,116,121,112,101,46,103,111,111,103,108,101,97,112,105,115,46,99,111,109,47,103,111,111,103,108,101,46,114,112,99,46,82,101,113,117,101,115,116,73,110,102,111,18,38,10,36,53,102,101,101,52,56,53,101,45,101,100,48,102,45,52,50,52,57,45,57,57,53,99,45,100,102,57,98,102,48,97,50,49,57,50,55]}],"x-request-id":["5fee485e-ed0f-4249-995c-df9bf0a21927"]}}

16 янв. 02:52:53.843
[YDB Query Error]: Unexpected transport error code 16! Error itself: {"code":16,"details":"authentication header is missing","metadata":{"content-type":["application/grpc"],"grpc-status-details-bin":[{"type":"Buffer","data":[8,16,18,32,97,117,116,104,101,110,116,105,99,97,116,105,111,110,32,104,101,97,100,101,114,32,105,115,32,109,105,115,115,105,110,103,26,84,10,42,116,121,112,101,46,103,111,111,103,108,101,97,112,105,115,46,99,111,109,47,103,111,111,103,108,101,46,114,112,99,46,82,101,113,117,101,115,116,73,110,102,111,18,38,10,36,53,102,101,101,52,56,53,101,45,101,100,48,102,45,52,50,52,57,45,57,57,53,99,45,100,102,57,98,102,48,97,50,49,57,50,55]}],"x-request-id":["5fee485e-ed0f-4249-995c-df9bf0a21927"]}}

16 янв. 02:52:53.843
[YDB Query Error]: Unexpected transport error code 16! Error itself: {"code":16,"details":"authentication header is missing","metadata":{"content-type":["application/grpc"],"grpc-status-details-bin":[{"type":"Buffer","data":[8,16,18,32,97,117,116,104,101,110,116,105,99,97,116,105,111,110,32,104,101,97,100,101,114,32,105,115,32,109,105,115,115,105,110,103,26,84,10,42,116,121,112,101,46,103,111,111,103,108,101,97,112,105,115,46,99,111,109,47,103,111,111,103,108,101,46,114,112,99,46,82,101,113,117,101,115,116,73,110,102,111,18,38,10,36,53,102,101,101,52,56,53,101,45,101,100,48,102,45,52,50,52,57,45,57,57,53,99,45,100,102,57,98,102,48,97,50,49,57,50,55]}],"x-request-id":["5fee485e-ed0f-4249-995c-df9bf0a21927"]}}

16 янв. 02:52:53.753
[1C] Background auto-sync check...

16 янв. 02:52:53.753
[YDB Query Error]: Unexpected transport error code 16! Error itself: {"code":16,"details":"authentication header is missing","metadata":{"content-type":["application/grpc"],"grpc-status-details-bin":[{"type":"Buffer","data":[8,16,18,32,97,117,116,104,101,110,116,105,99,97,116,105,111,110,32,104,101,97,100,101,114,32,105,115,32,109,105,115,115,105,110,103,26,84,10,42,116,121,112,101,46,103,111,111,103,108,101,97,112,105,115,46,99,111,109,47,103,111,111,103,108,101,46,114,112,99,46,82,101,113,117,101,115,116,73,110,102,111,18,38,10,36,53,102,101,101,52,56,53,101,45,101,100,48,102,45,52,50,52,57,45,57,57,53,99,45,100,102,57,98,102,48,97,50,49,57,50,55]}],"x-request-id":["5fee485e-ed0f-4249-995c-df9bf0a21927"]}}

16 янв. 02:52:53.596
[YDB] Initializing Driver for: grpcs://ydb.serverless.yandexcloud.net:2135

16 янв. 02:52:52.922
START RequestID: 1641f09f-f85a-40ec-881e-f8e688078140

16 янв. 02:52:52.807
REPORT RequestID: 646a1f06-e50f-4de4-aca9-7e859fcd034f Duration: 1010.747 ms Billed Duration: 1100 ms Memory Size: 512 MB Max Memory Used: 156 MB Queuing Duration: 0.055 ms CPU Usage: 99.805 %

16 янв. 02:52:52.807
ERROR RequestID: 646a1f06-e50f-4de4-aca9-7e859fcd034f Code: 502 Message: Error during function invocation

16 янв. 02:52:52.807
END RequestID: 646a1f06-e50f-4de4-aca9-7e859fcd034f

16 янв. 02:52:52.807
{"errorMessage":"exit status 1","errorType":"UserCodeError"}

16 янв. 02:52:52.806
error running user code: exit status 1

16 янв. 02:52:52.806
unexpected error (running container) exit status 1

16 янв. 02:52:52.801
Node.js v20.20.0

16 янв. 02:52:52.801
at async descriptor.value (/app/node_modules/ydb-sdk/build/cjs/src/retries_obsoleted.js:137:20)

16 янв. 02:52:52.801
at process.processTicksAndRejections (node:internal/process/task_queues:95:5)

16 янв. 02:52:52.801
at RetryStrategy.retry (/app/node_modules/ydb-sdk/build/cjs/src/retries_obsoleted.js:90:49)

16 янв. 02:52:52.801
at TransportError.convertToYdbError (/app/node_modules/ydb-sdk/build/cjs/src/errors.js:334:20)

16 янв. 02:52:52.801
Error: Unexpected transport error code 16! Error itself: {"code":16,"details":"authentication header is missing","metadata":{"content-type":["application/grpc"],"grpc-status-details-bin":[{"type":"Buffer","data":[8,16,18,32,97,117,116,104,101,110,116,105,99,97,116,105,111,110,32,104,101,97,100,101,114,32,105,115,32,109,105,115,115,105,110,103,26,84,10,42,116,121,112,101,46,103,111,111,103,108,101,97,112,105,115,46,99,111,109,47,103,111,111,103,108,101,46,114,112,99,46,82,101,113,117,101,115,116,73,110,102,111,18,38,10,36,51,101,51,98,56,99,98,97,45,101,100,100,102,45,52,99,54,56,45,97,100,48,55,45,48,52,99,51,98,54,56,55,100,102,52,57]}],"x-request-id":["3e3b8cba-eddf-4c68-ad07-04c3b687df49"]}}

16 янв. 02:52:52.801
^

16 янв. 02:52:52.801
return new Error(`Unexpected transport error code ${e.code}! Error itself: ${errStr}`);

16 янв. 02:52:52.801
/app/node_modules/ydb-sdk/build/cjs/src/errors.js:334

16 янв. 02:52:52.799
11:52:52 PM [express] serving on port 5000

16 янв. 02:52:52.737
[YDB Query Error]: Unexpected transport error code 16! Error itself: {"code":16,"details":"authentication header is missing","metadata":{"content-type":["application/grpc"],"grpc-status-details-bin":[{"type":"Buffer","data":[8,16,18,32,97,117,116,104,101,110,116,105,99,97,116,105,111,110,32,104,101,97,100,101,114,32,105,115,32,109,105,115,115,105,110,103,26,84,10,42,116,121,112,101,46,103,111,111,103,108,101,97,112,105,115,46,99,111,109,47,103,111,111,103,108,101,46,114,112,99,46,82,101,113,117,101,115,116,73,110,102,111,18,38,10,36,51,101,51,98,56,99,98,97,45,101,100,100,102,45,52,99,54,56,45,97,100,48,55,45,48,52,99,51,98,54,56,55,100,102,52,57]}],"x-request-id":["3e3b8cba-eddf-4c68-ad07-04c3b687df49"]}}

16 янв. 02:52:52.737
[YDB Query Error]: Unexpected transport error code 16! Error itself: {"code":16,"details":"authentication header is missing","metadata":{"content-type":["application/grpc"],"grpc-status-details-bin":[{"type":"Buffer","data":[8,16,18,32,97,117,116,104,101,110,116,105,99,97,116,105,111,110,32,104,101,97,100,101,114,32,105,115,32,109,105,115,115,105,110,103,26,84,10,42,116,121,112,101,46,103,111,111,103,108,101,97,112,105,115,46,99,111,109,47,103,111,111,103,108,101,46,114,112,99,46,82,101,113,117,101,115,116,73,110,102,111,18,38,10,36,51,101,51,98,56,99,98,97,45,101,100,100,102,45,52,99,54,56,45,97,100,48,55,45,48,52,99,51,98,54,56,55,100,102,52,57]}],"x-request-id":["3e3b8cba-eddf-4c68-ad07-04c3b687df49"]}}

16 янв. 02:52:52.737
[YDB Query Error]: Unexpected transport error code 16! Error itself: {"code":16,"details":"authentication header is missing","metadata":{"content-type":["application/grpc"],"grpc-status-details-bin":[{"type":"Buffer","data":[8,16,18,32,97,117,116,104,101,110,116,105,99,97,116,105,111,110,32,104,101,97,100,101,114,32,105,115,32,109,105,115,115,105,110,103,26,84,10,42,116,121,112,101,46,103,111,111,103,108,101,97,112,105,115,46,99,111,109,47,103,111,111,103,108,101,46,114,112,99,46,82,101,113,117,101,115,116,73,110,102,111,18,38,10,36,51,101,51,98,56,99,98,97,45,101,100,100,102,45,52,99,54,56,45,97,100,48,55,45,48,52,99,51,98,54,56,55,100,102,52,57]}],"x-request-id":["3e3b8cba-eddf-4c68-ad07-04c3b687df49"]}}

16 янв. 02:52:52.737
[YDB Query Error]: Unexpected transport error code 16! Error itself: {"code":16,"details":"authentication header is missing","metadata":{"content-type":["application/grpc"],"grpc-status-details-bin":[{"type":"Buffer","data":[8,16,18,32,97,117,116,104,101,110,116,105,99,97,116,105,111,110,32,104,101,97,100,101,114,32,105,115,32,109,105,115,115,105,110,103,26,84,10,42,116,121,112,101,46,103,111,111,103,108,101,97,112,105,115,46,99,111,109,47,103,111,111,103,108,101,46,114,112,99,46,82,101,113,117,101,115,116,73,110,102,111,18,38,10,36,51,101,51,98,56,99,98,97,45,101,100,100,102,45,52,99,54,56,45,97,100,48,55,45,48,52,99,51,98,54,56,55,100,102,52,57]}],"x-request-id":["3e3b8cba-eddf-4c68-ad07-04c3b687df49"]}}

16 янв. 02:52:52.737
[YDB Query Error]: Unexpected transport error code 16! Error itself: {"code":16,"details":"authentication header is missing","metadata":{"content-type":["application/grpc"],"grpc-status-details-bin":[{"type":"Buffer","data":[8,16,18,32,97,117,116,104,101,110,116,105,99,97,116,105,111,110,32,104,101,97,100,101,114,32,105,115,32,109,105,115,115,105,110,103,26,84,10,42,116,121,112,101,46,103,111,111,103,108,101,97,112,105,115,46,99,111,109,47,103,111,111,103,108,101,46,114,112,99,46,82,101,113,117,101,115,116,73,110,102,111,18,38,10,36,51,101,51,98,56,99,98,97,45,101,100,100,102,45,52,99,54,56,45,97,100,48,55,45,48,52,99,51,98,54,56,55,100,102,52,57]}],"x-request-id":["3e3b8cba-eddf-4c68-ad07-04c3b687df49"]}}

16 янв. 02:52:52.737
[YDB Query Error]: Unexpected transport error code 16! Error itself: {"code":16,"details":"authentication header is missing","metadata":{"content-type":["application/grpc"],"grpc-status-details-bin":[{"type":"Buffer","data":[8,16,18,32,97,117,116,104,101,110,116,105,99,97,116,105,111,110,32,104,101,97,100,101,114,32,105,115,32,109,105,115,115,105,110,103,26,84,10,42,116,121,112,101,46,103,111,111,103,108,101,97,112,105,115,46,99,111,109,47,103,111,111,103,108,101,46,114,112,99,46,82,101,113,117,101,115,116,73,110,102,111,18,38,10,36,51,101,51,98,56,99,98,97,45,101,100,100,102,45,52,99,54,56,45,97,100,48,55,45,48,52,99,51,98,54,56,55,100,102,52,57]}],"x-request-id":["3e3b8cba-eddf-4c68-ad07-04c3b687df49"]}}

16 янв. 02:52:52.737
[YDB Query Error]: Unexpected transport error code 16! Error itself: {"code":16,"details":"authentication header is missing","metadata":{"content-type":["application/grpc"],"grpc-status-details-bin":[{"type":"Buffer","data":[8,16,18,32,97,117,116,104,101,110,116,105,99,97,116,105,111,110,32,104,101,97,100,101,114,32,105,115,32,109,105,115,115,105,110,103,26,84,10,42,116,121,112,101,46,103,111,111,103,108,101,97,112,105,115,46,99,111,109,47,103,111,111,103,108,101,46,114,112,99,46,82,101,113,117,101,115,116,73,110,102,111,18,38,10,36,51,101,51,98,56,99,98,97,45,101,100,100,102,45,52,99,54,56,45,97,100,48,55,45,48,52,99,51,98,54,56,55,100,102,52,57]}],"x-request-id":["3e3b8cba-eddf-4c68-ad07-04c3b687df49"]}}

16 янв. 02:52:52.737
[YDB Query Error]: Unexpected transport error code 16! Error itself: {"code":16,"details":"authentication header is missing","metadata":{"content-type":["application/grpc"],"grpc-status-details-bin":[{"type":"Buffer","data":[8,16,18,32,97,117,116,104,101,110,116,105,99,97,116,105,111,110,32,104,101,97,100,101,114,32,105,115,32,109,105,115,115,105,110,103,26,84,10,42,116,121,112,101,46,103,111,111,103,108,101,97,112,105,115,46,99,111,109,47,103,111,111,103,108,101,46,114,112,99,46,82,101,113,117,101,115,116,73,110,102,111,18,38,10,36,51,101,51,98,56,99,98,97,45,101,100,100,102,45,52,99,54,56,45,97,100,48,55,45,48,52,99,51,98,54,56,55,100,102,52,57]}],"x-request-id":["3e3b8cba-eddf-4c68-ad07-04c3b687df49"]}}

16 янв. 02:52:52.737
[YDB Query Error]: Unexpected transport error code 16! Error itself: {"code":16,"details":"authentication header is missing","metadata":{"content-type":["application/grpc"],"grpc-status-details-bin":[{"type":"Buffer","data":[8,16,18,32,97,117,116,104,101,110,116,105,99,97,116,105,111,110,32,104,101,97,100,101,114,32,105,115,32,109,105,115,115,105,110,103,26,84,10,42,116,121,112,101,46,103,111,111,103,108,101,97,112,105,115,46,99,111,109,47,103,111,111,103,108,101,46,114,112,99,46,82,101,113,117,101,115,116,73,110,102,111,18,38,10,36,51,101,51,98,56,99,98,97,45,101,100,100,102,45,52,99,54,56,45,97,100,48,55,45,48,52,99,51,98,54,56,55,100,102,52,57]}],"x-request-id":["3e3b8cba-eddf-4c68-ad07-04c3b687df49"]}}

16 янв. 02:52:52.737
[YDB Query Error]: Unexpected transport error code 16! Error itself: {"code":16,"details":"authentication header is missing","metadata":{"content-type":["application/grpc"],"grpc-status-details-bin":[{"type":"Buffer","data":[8,16,18,32,97,117,116,104,101,110,116,105,99,97,116,105,111,110,32,104,101,97,100,101,114,32,105,115,32,109,105,115,115,105,110,103,26,84,10,42,116,121,112,101,46,103,111,111,103,108,101,97,112,105,115,46,99,111,109,47,103,111,111,103,108,101,46,114,112,99,46,82,101,113,117,101,115,116,73,110,102,111,18,38,10,36,51,101,51,98,56,99,98,97,45,101,100,100,102,45,52,99,54,56,45,97,100,48,55,45,48,52,99,51,98,54,56,55,100,102,52,57]}],"x-request-id":["3e3b8cba-eddf-4c68-ad07-04c3b687df49"]}}

16 янв. 02:52:52.737
[YDB Query Error]: Unexpected transport error code 16! Error itself: {"code":16,"details":"authentication header is missing","metadata":{"content-type":["application/grpc"],"grpc-status-details-bin":[{"type":"Buffer","data":[8,16,18,32,97,117,116,104,101,110,116,105,99,97,116,105,111,110,32,104,101,97,100,101,114,32,105,115,32,109,105,115,115,105,110,103,26,84,10,42,116,121,112,101,46,103,111,111,103,108,101,97,112,105,115,46,99,111,109,47,103,111,111,103,108,101,46,114,112,99,46,82,101,113,117,101,115,116,73,110,102,111,18,38,10,36,51,101,51,98,56,99,98,97,45,101,100,100,102,45,52,99,54,56,45,97,100,48,55,45,48,52,99,51,98,54,56,55,100,102,52,57]}],"x-request-id":["3e3b8cba-eddf-4c68-ad07-04c3b687df49"]}}

16 янв. 02:52:52.737
[YDB Query Error]: Unexpected transport error code 16! Error itself: {"code":16,"details":"authentication header is missing","metadata":{"content-type":["application/grpc"],"grpc-status-details-bin":[{"type":"Buffer","data":[8,16,18,32,97,117,116,104,101,110,116,105,99,97,116,105,111,110,32,104,101,97,100,101,114,32,105,115,32,109,105,115,115,105,110,103,26,84,10,42,116,121,112,101,46,103,111,111,103,108,101,97,112,105,115,46,99,111,109,47,103,111,111,103,108,101,46,114,112,99,46,82,101,113,117,101,115,116,73,110,102,111,18,38,10,36,51,101,51,98,56,99,98,97,45,101,100,100,102,45,52,99,54,56,45,97,100,48,55,45,48,52,99,51,98,54,56,55,100,102,52,57]}],"x-request-id":["3e3b8cba-eddf-4c68-ad07-04c3b687df49"]}}

16 янв. 02:52:52.737
[YDB Query Error]: Unexpected transport error code 16! Error itself: {"code":16,"details":"authentication header is missing","metadata":{"content-type":["application/grpc"],"grpc-status-details-bin":[{"type":"Buffer","data":[8,16,18,32,97,117,116,104,101,110,116,105,99,97,116,105,111,110,32,104,101,97,100,101,114,32,105,115,32,109,105,115,115,105,110,103,26,84,10,42,116,121,112,101,46,103,111,111,103,108,101,97,112,105,115,46,99,111,109,47,103,111,111,103,108,101,46,114,112,99,46,82,101,113,117,101,115,116,73,110,102,111,18,38,10,36,51,101,51,98,56,99,98,97,45,101,100,100,102,45,52,99,54,56,45,97,100,48,55,45,48,52,99,51,98,54,56,55,100,102,52,57]}],"x-request-id":["3e3b8cba-eddf-4c68-ad07-04c3b687df49"]}}

16 янв. 02:52:52.737
[YDB Query Error]: Unexpected transport error code 16! Error itself: {"code":16,"details":"authentication header is missing","metadata":{"content-type":["application/grpc"],"grpc-status-details-bin":[{"type":"Buffer","data":[8,16,18,32,97,117,116,104,101,110,116,105,99,97,116,105,111,110,32,104,101,97,100,101,114,32,105,115,32,109,105,115,115,105,110,103,26,84,10,42,116,121,112,101,46,103,111,111,103,108,101,97,112,105,115,46,99,111,109,47,103,111,111,103,108,101,46,114,112,99,46,82,101,113,117,101,115,116,73,110,102,111,18,38,10,36,51,101,51,98,56,99,98,97,45,101,100,100,102,45,52,99,54,56,45,97,100,48,55,45,48,52,99,51,98,54,56,55,100,102,52,57]}],"x-request-id":["3e3b8cba-eddf-4c68-ad07-04c3b687df49"]}}

16 янв. 02:52:52.737
[YDB Query Error]: Unexpected transpor