

16 янв. 02:49:02.814
REPORT RequestID: 7a8f62bb-418c-44f7-a213-c17e9e7d5212 Duration: 1040.464 ms Billed Duration: 1100 ms Memory Size: 512 MB Max Memory Used: 155 MB Queuing Duration: 0.129 ms CPU Usage: 99.805 %

16 янв. 02:49:02.814
ERROR RequestID: 7a8f62bb-418c-44f7-a213-c17e9e7d5212 Code: 502 Message: Error during function invocation

16 янв. 02:49:02.814
END RequestID: 7a8f62bb-418c-44f7-a213-c17e9e7d5212

16 янв. 02:49:02.814
{"errorMessage":"exit status 1","errorType":"UserCodeError"}

16 янв. 02:49:02.813
error running user code: exit status 1

16 янв. 02:49:02.813
unexpected error (running container) exit status 1

16 янв. 02:49:02.808
Node.js v20.20.0

16 янв. 02:49:02.808
at async descriptor.value (/app/node_modules/ydb-sdk/build/cjs/src/retries_obsoleted.js:137:20)

16 янв. 02:49:02.808
at process.processTicksAndRejections (node:internal/process/task_queues:95:5)

16 янв. 02:49:02.808
at RetryStrategy.retry (/app/node_modules/ydb-sdk/build/cjs/src/retries_obsoleted.js:90:49)

16 янв. 02:49:02.808
at TransportError.convertToYdbError (/app/node_modules/ydb-sdk/build/cjs/src/errors.js:334:20)

16 янв. 02:49:02.808
Error: Unexpected transport error code 16! Error itself: {"code":16,"details":"authentication header is missing","metadata":{"content-type":["application/grpc"],"grpc-status-details-bin":[{"type":"Buffer","data":[8,16,18,32,97,117,116,104,101,110,116,105,99,97,116,105,111,110,32,104,101,97,100,101,114,32,105,115,32,109,105,115,115,105,110,103,26,84,10,42,116,121,112,101,46,103,111,111,103,108,101,97,112,105,115,46,99,111,109,47,103,111,111,103,108,101,46,114,112,99,46,82,101,113,117,101,115,116,73,110,102,111,18,38,10,36,55,99,48,98,57,98,55,100,45,55,52,97,102,45,52,55,54,55,45,98,102,57,99,45,55,49,53,52,97,49,50,99,101,101,52,99]}],"x-request-id":["7c0b9b7d-74af-4767-bf9c-7154a12cee4c"]}}

16 янв. 02:49:02.808
^

16 янв. 02:49:02.808
return new Error(`Unexpected transport error code ${e.code}! Error itself: ${errStr}`);

16 янв. 02:49:02.808
/app/node_modules/ydb-sdk/build/cjs/src/errors.js:334

16 янв. 02:49:02.806
11:49:02 PM [express] serving on port 5000

16 янв. 02:49:02.738
[YDB Query Error]: Unexpected transport error code 16! Error itself: {"code":16,"details":"authentication header is missing","metadata":{"content-type":["application/grpc"],"grpc-status-details-bin":[{"type":"Buffer","data":[8,16,18,32,97,117,116,104,101,110,116,105,99,97,116,105,111,110,32,104,101,97,100,101,114,32,105,115,32,109,105,115,115,105,110,103,26,84,10,42,116,121,112,101,46,103,111,111,103,108,101,97,112,105,115,46,99,111,109,47,103,111,111,103,108,101,46,114,112,99,46,82,101,113,117,101,115,116,73,110,102,111,18,38,10,36,55,99,48,98,57,98,55,100,45,55,52,97,102,45,52,55,54,55,45,98,102,57,99,45,55,49,53,52,97,49,50,99,101,101,52,99]}],"x-request-id":["7c0b9b7d-74af-4767-bf9c-7154a12cee4c"]}}

16 янв. 02:49:02.738
[YDB Query Error]: Unexpected transport error code 16! Error itself: {"code":16,"details":"authentication header is missing","metadata":{"content-type":["application/grpc"],"grpc-status-details-bin":[{"type":"Buffer","data":[8,16,18,32,97,117,116,104,101,110,116,105,99,97,116,105,111,110,32,104,101,97,100,101,114,32,105,115,32,109,105,115,115,105,110,103,26,84,10,42,116,121,112,101,46,103,111,111,103,108,101,97,112,105,115,46,99,111,109,47,103,111,111,103,108,101,46,114,112,99,46,82,101,113,117,101,115,116,73,110,102,111,18,38,10,36,55,99,48,98,57,98,55,100,45,55,52,97,102,45,52,55,54,55,45,98,102,57,99,45,55,49,53,52,97,49,50,99,101,101,52,99]}],"x-request-id":["7c0b9b7d-74af-4767-bf9c-7154a12cee4c"]}}

16 янв. 02:49:02.738
[YDB Query Error]: Unexpected transport error code 16! Error itself: {"code":16,"details":"authentication header is missing","metadata":{"content-type":["application/grpc"],"grpc-status-details-bin":[{"type":"Buffer","data":[8,16,18,32,97,117,116,104,101,110,116,105,99,97,116,105,111,110,32,104,101,97,100,101,114,32,105,115,32,109,105,115,115,105,110,103,26,84,10,42,116,121,112,101,46,103,111,111,103,108,101,97,112,105,115,46,99,111,109,47,103,111,111,103,108,101,46,114,112,99,46,82,101,113,117,101,115,116,73,110,102,111,18,38,10,36,55,99,48,98,57,98,55,100,45,55,52,97,102,45,52,55,54,55,45,98,102,57,99,45,55,49,53,52,97,49,50,99,101,101,52,99]}],"x-request-id":["7c0b9b7d-74af-4767-bf9c-7154a12cee4c"]}}

16 янв. 02:49:02.738
[YDB Query Error]: Unexpected transport error code 16! Error itself: {"code":16,"details":"authentication header is missing","metadata":{"content-type":["application/grpc"],"grpc-status-details-bin":[{"type":"Buffer","data":[8,16,18,32,97,117,116,104,101,110,116,105,99,97,116,105,111,110,32,104,101,97,100,101,114,32,105,115,32,109,105,115,115,105,110,103,26,84,10,42,116,121,112,101,46,103,111,111,103,108,101,97,112,105,115,46,99,111,109,47,103,111,111,103,108,101,46,114,112,99,46,82,101,113,117,101,115,116,73,110,102,111,18,38,10,36,55,99,48,98,57,98,55,100,45,55,52,97,102,45,52,55,54,55,45,98,102,57,99,45,55,49,53,52,97,49,50,99,101,101,52,99]}],"x-request-id":["7c0b9b7d-74af-4767-bf9c-7154a12cee4c"]}}

16 янв. 02:49:02.738
[YDB Query Error]: Unexpected transport error code 16! Error itself: {"code":16,"details":"authentication header is missing","metadata":{"content-type":["application/grpc"],"grpc-status-details-bin":[{"type":"Buffer","data":[8,16,18,32,97,117,116,104,101,110,116,105,99,97,116,105,111,110,32,104,101,97,100,101,114,32,105,115,32,109,105,115,115,105,110,103,26,84,10,42,116,121,112,101,46,103,111,111,103,108,101,97,112,105,115,46,99,111,109,47,103,111,111,103,108,101,46,114,112,99,46,82,101,113,117,101,115,116,73,110,102,111,18,38,10,36,55,99,48,98,57,98,55,100,45,55,52,97,102,45,52,55,54,55,45,98,102,57,99,45,55,49,53,52,97,49,50,99,101,101,52,99]}],"x-request-id":["7c0b9b7d-74af-4767-bf9c-7154a12cee4c"]}}

16 янв. 02:49:02.738
[YDB Query Error]: Unexpected transport error code 16! Error itself: {"code":16,"details":"authentication header is missing","metadata":{"content-type":["application/grpc"],"grpc-status-details-bin":[{"type":"Buffer","data":[8,16,18,32,97,117,116,104,101,110,116,105,99,97,116,105,111,110,32,104,101,97,100,101,114,32,105,115,32,109,105,115,115,105,110,103,26,84,10,42,116,121,112,101,46,103,111,111,103,108,101,97,112,105,115,46,99,111,109,47,103,111,111,103,108,101,46,114,112,99,46,82,101,113,117,101,115,116,73,110,102,111,18,38,10,36,55,99,48,98,57,98,55,100,45,55,52,97,102,45,52,55,54,55,45,98,102,57,99,45,55,49,53,52,97,49,50,99,101,101,52,99]}],"x-request-id":["7c0b9b7d-74af-4767-bf9c-7154a12cee4c"]}}

16 янв. 02:49:02.738
[YDB Query Error]: Unexpected transport error code 16! Error itself: {"code":16,"details":"authentication header is missing","metadata":{"content-type":["application/grpc"],"grpc-status-details-bin":[{"type":"Buffer","data":[8,16,18,32,97,117,116,104,101,110,116,105,99,97,116,105,111,110,32,104,101,97,100,101,114,32,105,115,32,109,105,115,115,105,110,103,26,84,10,42,116,121,112,101,46,103,111,111,103,108,101,97,112,105,115,46,99,111,109,47,103,111,111,103,108,101,46,114,112,99,46,82,101,113,117,101,115,116,73,110,102,111,18,38,10,36,55,99,48,98,57,98,55,100,45,55,52,97,102,45,52,55,54,55,45,98,102,57,99,45,55,49,53,52,97,49,50,99,101,101,52,99]}],"x-request-id":["7c0b9b7d-74af-4767-bf9c-7154a12cee4c"]}}

16 янв. 02:49:02.738
[YDB Query Error]: Unexpected transport error code 16! Error itself: {"code":16,"details":"authentication header is missing","metadata":{"content-type":["application/grpc"],"grpc-status-details-bin":[{"type":"Buffer","data":[8,16,18,32,97,117,116,104,101,110,116,105,99,97,116,105,111,110,32,104,101,97,100,101,114,32,105,115,32,109,105,115,115,105,110,103,26,84,10,42,116,121,112,101,46,103,111,111,103,108,101,97,112,105,115,46,99,111,109,47,103,111,111,103,108,101,46,114,112,99,46,82,101,113,117,101,115,116,73,110,102,111,18,38,10,36,55,99,48,98,57,98,55,100,45,55,52,97,102,45,52,55,54,55,45,98,102,57,99,45,55,49,53,52,97,49,50,99,101,101,52,99]}],"x-request-id":["7c0b9b7d-74af-4767-bf9c-7154a12cee4c"]}}

16 янв. 02:49:02.738
[YDB Query Error]: Unexpected transport error code 16! Error itself: {"code":16,"details":"authentication header is missing","metadata":{"content-type":["application/grpc"],"grpc-status-details-bin":[{"type":"Buffer","data":[8,16,18,32,97,117,116,104,101,110,116,105,99,97,116,105,111,110,32,104,101,97,100,101,114,32,105,115,32,109,105,115,115,105,110,103,26,84,10,42,116,121,112,101,46,103,111,111,103,108,101,97,112,105,115,46,99,111,109,47,103,111,111,103,108,101,46,114,112,99,46,82,101,113,117,101,115,116,73,110,102,111,18,38,10,36,55,99,48,98,57,98,55,100,45,55,52,97,102,45,52,55,54,55,45,98,102,57,99,45,55,49,53,52,97,49,50,99,101,101,52,99]}],"x-request-id":["7c0b9b7d-74af-4767-bf9c-7154a12cee4c"]}}

16 янв. 02:49:02.738
[YDB Query Error]: Unexpected transport error code 16! Error itself: {"code":16,"details":"authentication header is missing","metadata":{"content-type":["application/grpc"],"grpc-status-details-bin":[{"type":"Buffer","data":[8,16,18,32,97,117,116,104,101,110,116,105,99,97,116,105,111,110,32,104,101,97,100,101,114,32,105,115,32,109,105,115,115,105,110,103,26,84,10,42,116,121,112,101,46,103,111,111,103,108,101,97,112,105,115,46,99,111,109,47,103,111,111,103,108,101,46,114,112,99,46,82,101,113,117,101,115,116,73,110,102,111,18,38,10,36,55,99,48,98,57,98,55,100,45,55,52,97,102,45,52,55,54,55,45,98,102,57,99,45,55,49,53,52,97,49,50,99,101,101,52,99]}],"x-request-id":["7c0b9b7d-74af-4767-bf9c-7154a12cee4c"]}}

16 янв. 02:49:02.738
[YDB Query Error]: Unexpected transport error code 16! Error itself: {"code":16,"details":"authentication header is missing","metadata":{"content-type":["application/grpc"],"grpc-status-details-bin":[{"type":"Buffer","data":[8,16,18,32,97,117,116,104,101,110,116,105,99,97,116,105,111,110,32,104,101,97,100,101,114,32,105,115,32,109,105,115,115,105,110,103,26,84,10,42,116,121,112,101,46,103,111,111,103,108,101,97,112,105,115,46,99,111,109,47,103,111,111,103,108,101,46,114,112,99,46,82,101,113,117,101,115,116,73,110,102,111,18,38,10,36,55,99,48,98,57,98,55,100,45,55,52,97,102,45,52,55,54,55,45,98,102,57,99,45,55,49,53,52,97,49,50,99,101,101,52,99]}],"x-request-id":["7c0b9b7d-74af-4767-bf9c-7154a12cee4c"]}}

16 янв. 02:49:02.738
[YDB Query Error]: Unexpected transport error code 16! Error itself: {"code":16,"details":"authentication header is missing","metadata":{"content-type":["application/grpc"],"grpc-status-details-bin":[{"type":"Buffer","data":[8,16,18,32,97,117,116,104,101,110,116,105,99,97,116,105,111,110,32,104,101,97,100,101,114,32,105,115,32,109,105,115,115,105,110,103,26,84,10,42,116,121,112,101,46,103,111,111,103,108,101,97,112,105,115,46,99,111,109,47,103,111,111,103,108,101,46,114,112,99,46,82,101,113,117,101,115,116,73,110,102,111,18,38,10,36,55,99,48,98,57,98,55,100,45,55,52,97,102,45,52,55,54,55,45,98,102,57,99,45,55,49,53,52,97,49,50,99,101,101,52,99]}],"x-request-id":["7c0b9b7d-74af-4767-bf9c-7154a12cee4c"]}}

16 янв. 02:49:02.738
[YDB Query Error]: Unexpected transport error code 16! Error itself: {"code":16,"details":"authentication header is missing","metadata":{"content-type":["application/grpc"],"grpc-status-details-bin":[{"type":"Buffer","data":[8,16,18,32,97,117,116,104,101,110,116,105,99,97,116,105,111,110,32,104,101,97,100,101,114,32,105,115,32,109,105,115,115,105,110,103,26,84,10,42,116,121,112,101,46,103,111,111,103,108,101,97,112,105,115,46,99,111,109,47,103,111,111,103,108,101,46,114,112,99,46,82,101,113,117,101,115,116,73,110,102,111,18,38,10,36,55,99,48,98,57,98,55,100,45,55,52,97,102,45,52,55,54,55,45,98,102,57,99,45,55,49,53,52,97,49,50,99,101,101,52,99]}],"x-request-id":["7c0b9b7d-74af-4767-bf9c-7154a12cee4c"]}}

16 янв. 02:49:02.737
[YDB Query Error]: Unexpected transport error code 16! Error itself: {"code":16,"details":"authentication header is missing","metadata":{"content-type":["application/grpc"],"grpc-status-details-bin":[{"type":"Buffer","data":[8,16,18,32,97,117,116,104,101,110,116,105,99,97,116,105,111,110,32,104,101,97,100,101,114,32,105,115,32,109,105,115,115,105,110,103,26,84,10,42,116,121,112,101,46,103,111,111,103,108,101,97,112,105,115,46,99,111,109,47,103,111,111,103,108,101,46,114,112,99,46,82,101,113,117,101,115,116,73,110,102,111,18,38,10,36,55,99,48,98,57,98,55,100,45,55,52,97,102,45,52,55,54,55,45,98,102,57,99,45,55,49,53,52,97,49,50,99,101,101,52,99]}],"x-request-id":["7c0b9b7d-74af-4767-bf9c-7154a12cee4c"]}}

16 янв. 02:49:02.737
[YDB Query Error]: Unexpected transport error code 16! Error itself: {"code":16,"details":"authentication header is missing","metadata":{"content-type":["application/grpc"],"grpc-status-details-bin":[{"type":"Buffer","data":[8,16,18,32,97,117,116,104,101,110,116,105,99,97,116,105,111,110,32,104,101,97,100,101,114,32,105,115,32,109,105,115,115,105,110,103,26,84,10,42,116,121,112,101,46,103,111,111,103,108,101,97,112,105,115,46,99,111,109,47,103,111,111,103,108,101,46,114,112,99,46,82,101,113,117,101,115,116,73,110,102,111,18,38,10,36,55,99,48,98,57,98,55,100,45,55,52,97,102,45,52,55,54,55,45,98,102,57,99,45,55,49,53,52,97,49,50,99,101,101,52,99]}],"x-request-id":["7c0b9b7d-74af-4767-bf9c-7154a12cee4c"]}}

16 янв. 02:49:02.737
[YDB Query Error]: Unexpected transport error code 16! Error itself: {"code":16,"details":"authentication header is missing","metadata":{"content-type":["application/grpc"],"grpc-status-details-bin":[{"type":"Buffer","data":[8,16,18,32,97,117,116,104,101,110,116,105,99,97,116,105,111,110,32,104,101,97,100,101,114,32,105,115,32,109,105,115,115,105,110,103,26,84,10,42,116,121,112,101,46,103,111,111,103,108,101,97,112,105,115,46,99,111,109,47,103,111,111,103,108,101,46,114,112,99,46,82,101,113,117,101,115,116,73,110,102,111,18,38,10,36,55,99,48,98,57,98,55,100,45,55,52,97,102,45,52,55,54,55,45,98,102,57,99,45,55,49,53,52,97,49,50,99,101,101,52,99]}],"x-request-id":["7c0b9b7d-74af-4767-bf9c-7154a12cee4c"]}}

16 янв. 02:49:02.737
[YDB Query Error]: Unexpected transport error code 16! Error itself: {"code":16,"details":"authentication header is missing","metadata":{"content-type":["application/grpc"],"grpc-status-details-bin":[{"type":"Buffer","data":[8,16,18,32,97,117,116,104,101,110,116,105,99,97,116,105,111,110,32,104,101,97,100,101,114,32,105,115,32,109,105,115,115,105,110,103,26,84,10,42,116,121,112,101,46,103,111,111,103,108,101,97,112,105,115,46,99,111,109,47,103,111,111,103,108,101,46,114,112,99,46,82,101,113,117,101,115,116,73,110,102,111,18,38,10,36,55,99,48,98,57,98,55,100,45,55,52,97,102,45,52,55,54,55,45,98,102,57,99,45,55,49,53,52,97,49,50,99,101,101,52,99]}],"x-request-id":["7c0b9b7d-74af-4767-bf9c-7154a12cee4c"]}}

16 янв. 02:49:02.737
[YDB Query Error]: Unexpected transport error code 16! Error itself: {"code":16,"details":"authentication header is missing","metadata":{"content-type":["application/grpc"],"grpc-status-details-bin":[{"type":"Buffer","data":[8,16,18,32,97,117,116,104,101,110,116,105,99,97,116,105,111,110,32,104,101,97,100,101,114,32,105,115,32,109,105,115,115,105,110,103,26,84,10,42,116,121,112,101,46,103,111,111,103,108,101,97,112,105,115,46,99,111,109,47,103,111,111,103,108,101,46,114,112,99,46,82,101,113,117,101,115,116,73,110,102,111,18,38,10,36,55,99,48,98,57,98,55,100,45,55,52,97,102,45,52,55,54,55,45,98,102,57,99,45,55,49,53,52,97,49,50,99,101,101,52,99]}],"x-request-id":["7c0b9b7d-74af-4767-bf9c-7154a12cee4c"]}}

16 янв. 02:49:02.737
[YDB Query Error]: Unexpected transport error code 16! Error itself: {"code":16,"details":"authentication header is missing","metadata":{"content-type":["application/grpc"],"grpc-status-details-bin":[{"type":"Buffer","data":[8,16,18,32,97,117,116,104,101,110,116,105,99,97,116,105,111,110,32,104,101,97,100,101,114,32,105,115,32,109,105,115,115,105,110,103,26,84,10,42,116,121,112,101,46,103,111,111,103,108,101,97,112,105,115,46,99,111,109,47,103,111,111,103,108,101,46,114,112,99,46,82,101,113,117,101,115,116,73,110,102,111,18,38,10,36,55,99,48,98,57,98,55,100,45,55,52,97,102,45,52,55,54,55,45,98,102,57,99,45,55,49,53,52,97,49,50,99,101,101,52,99]}],"x-request-id":["7c0b9b7d-74af-4767-bf9c-7154a12cee4c"]}}

16 янв. 02:49:02.737
[YDB Query Error]: Unexpected transport error code 16! Error itself: {"code":16,"details":"authentication header is missing","metadata":{"content-type":["application/grpc"],"grpc-status-details-bin":[{"type":"Buffer","data":[8,16,18,32,97,117,116,104,101,110,116,105,99,97,116,105,111,110,32,104,101,97,100,101,114,32,105,115,32,109,105,115,115,105,110,103,26,84,10,42,116,121,112,101,46,103,111,111,103,108,101,97,112,105,115,46,99,111,109,47,103,111,111,103,108,101,46,114,112,99,46,82,101,113,117,101,115,116,73,110,102,111,18,38,10,36,55,99,48,98,57,98,55,100,45,55,52,97,102,45,52,55,54,55,45,98,102,57,99,45,55,49,53,52,97,49,50,99,101,101,52,99]}],"x-request-id":["7c0b9b7d-74af-4767-bf9c-7154a12cee4c"]}}

16 янв. 02:49:02.737
[YDB Query Error]: Unexpected transport error code 16! Error itself: {"code":16,"details":"authentication header is missing","metadata":{"content-type":["application/grpc"],"grpc-status-details-bin":[{"type":"Buffer","data":[8,16,18,32,97,117,116,104,101,110,116,105,99,97,116,105,111,110,32,104,101,97,100,101,114,32,105,115,32,109,105,115,115,105,110,103,26,84,10,42,116,121,112,101,46,103,111,111,103,108,101,97,112,105,115,46,99,111,109,47,103,111,111,103,108,101,46,114,112,99,46,82,101,113,117,101,115,116,73,110,102,111,18,38,10,36,55,99,48,98,57,98,55,100,45,55,52,97,102,45,52,55,54,55,45,98,102,57,99,45,55,49,53,52,97,49,50,99,101,101,52,99]}],"x-request-id":["7c0b9b7d-74af-4767-bf9c-7154a12cee4c"]}}

16 янв. 02:49:02.737
[YDB Query Error]: Unexpected transport error code 16! Error itself: {"code":16,"details":"authentication header is missing","metadata":{"content-type":["application/grpc"],"grpc-status-details-bin":[{"type":"Buffer","data":[8,16,18,32,97,117,116,104,101,110,116,105,99,97,116,105,111,110,32,104,101,97,100,101,114,32,105,115,32,109,105,115,115,105,110,103,26,84,10,42,116,121,112,101,46,103,111,111,103,108,101,97,112,105,115,46,99,111,109,47,103,111,111,103,108,101,46,114,112,99,46,82,101,113,117,101,115,116,73,110,102,111,18,38,10,36,55,99,48,98,57,98,55,100,45,55,52,97,102,45,52,55,54,55,45,98,102,57,99,45,55,49,53,52,97,49,50,99,101,101,52,99]}],"x-request-id":["7c0b9b7d-74af-4767-bf9c-7154a12cee4c"]}}

16 янв. 02:49:02.737
[YDB Query Error]: Unexpected transport error code 16! Error itself: {"code":16,"details":"authentication header is missing","metadata":{"content-type":["application/grpc"],"grpc-status-details-bin":[{"type":"Buffer","data":[8,16,18,32,97,117,116,104,101,110,116,105,99,97,116,105,111,110,32,104,101,97,100,101,114,32,105,115,32,109,105,115,115,105,110,103,26,84,10,42,116,121,112,101,46,103,111,111,103,108,101,97,112,105,115,46,99,111,109,47,103,111,111,103,108,101,46,114,112,99,46,82,101,113,117,101,115,116,73,110,102,111,18,38,10,36,55,99,48,98,57,98,55,100,45,55,52,97,102,45,52,55,54,55,45,98,102,57,99,45,55,49,53,52,97,49,50,99,101,101,52,99]}],"x-request-id":["7c0b9b7d-74af-4767-bf9c-7154a12cee4c"]}}

16 янв. 02:49:02.737
[YDB Query Error]: Unexpected transport error code 16! Error itself: {"code":16,"details":"authentication header is missing","metadata":{"content-type":["application/grpc"],"grpc-status-details-bin":[{"type":"Buffer","data":[8,16,18,32,97,117,116,104,101,110,116,105,99,97,116,105,111,110,32,104,101,97,100,101,114,32,105,115,32,109,105,115,115,105,110,103,26,84,10,42,116,121,112,101,46,103,111,111,103,108,101,97,112,105,115,46,99,111,109,47,103,111,111,103,108,101,46,114,112,99,46,82,101,113,117,101,115,116,73,110,102,111,18,38,10,36,55,99,48,98,57,98,55,100,45,55,52,97,102,45,52,55,54,55,45,98,102,57,99,45,55,49,53,52,97,49,50,99,101,101,52,99]}],"x-request-id":["7c0b9b7d-74af-4767-bf9c-7154a12cee4c"]}}

16 янв. 02:49:02.737
[YDB Query Error]: Unexpected transport error code 16! Error itself: {"code":16,"details":"authentication header is missing","metadata":{"content-type":["application/grpc"],"grpc-status-details-bin":[{"type":"Buffer","data":[8,16,18,32,97,117,116,104,101,110,116,105,99,97,116,105,111,110,32,104,101,97,100,101,114,32,105,115,32,109,105,115,115,105,110,103,26,84,10,42,116,121,112,101,46,103,111,111,103,108,101,97,112,105,115,46,99,111,109,47,103,111,111,103,108,101,46,114,112,99,46,82,101,113,117,101,115,116,73,110,102,111,18,38,10,36,55,99,48,98,57,98,55,100,45,55,52,97,102,45,52,55,54,55,45,98,102,57,99,45,55,49,53,52,97,49,50,99,101,101,52,99]}],"x-request-id":["7c0b9b7d-74af-4767-bf9c-7154a12cee4c"]}}

16 янв. 02:49:02.737
[YDB Query Error]: Unexpected transport error code 16! Error itself: {"code":16,"details":"authentication header is missing","metadata":{"content-type":["application/grpc"],"grpc-status-details-bin":[{"type":"Buffer","data":[8,16,18,32,97,117,116,104,101,110,116,105,99,97,116,105,111,110,32,104,101,97,100,101,114,32,105,115,32,109,105,115,115,105,110,103,26,84,10,42,116,121,112,101,46,103,111,111,103,108,101,97,112,105,115,46,99,111,109,47,103,111,111,103,108,101,46,114,112,99,46,82,101,113,117,101,115,116,73,110,102,111,18,38,10,36,55,99,48,98,57,98,55,100,45,55,52,97,102,45,52,55,54,55,45,98,102,57,99,45,55,49,53,52,97,49,50,99,101,101,52,99]}],"x-request-id":["7c0b9b7d-74af-4767-bf9c-7154a12cee4c"]}}

16 янв. 02:49:02.737
[YDB Query Error]: Unexpected transport error code 16! Error itself: {"code":16,"details":"authentication header is missing","metadata":{"content-type":["application/grpc"],"grpc-status-details-bin":[{"type":"Buffer","data":[8,16,18,32,97,117,116,104,101,110,116,105,99,97,116,105,111,110,32,104,101,97,100,101,114,32,105,115,32,109,105,115,115,105,110,103,26,84,10,42,116,121,112,101,46,103,111,111,103,108,101,97,112,105,115,46,99,111,109,47,103,111,111,103,108,101,46,114,112,99,46,82,101,113,117,101,115,116,73,110,102,111,18,38,10,36,55,99,48,98,57,98,55,100,45,55,52,97,102,45,52,55,54,55,45,98,102,57,99,45,55,49,53,52,97,49,50,99,101,101,52,99]}],"x-request-id":["7c0b9b7d-74af-4767-bf9c-7154a12cee4c"]}}

16 янв. 02:49:02.737
[YDB Query Error]: Unexpected transport error code 16! Error itself: {"code":16,"details":"authentication header is missing","metadata":{"content-type":["application/grpc"],"grpc-status-details-bin":[{"type":"Buffer","data":[8,16,18,32,97,117,116,104,101,110,116,105,99,97,116,105,111,110,32,104,101,97,100,101,114,32,105,115,32,109,105,115,115,105,110,103,26,84,10,42,116,121,112,101,46,103,111,111,103,108,101,97,112,105,115,46,99,111,109,47,103,111,111,103,108,101,46,114,112,99,46,82,101,113,117,101,115,116,73,110,102,111,18,38,10,36,55,99,48,98,57,98,55,100,45,55,52,97,102,45,52,55,54,55,45,98,102,57,99,45,55,49,53,52,97,49,50,99,101,101,52,99]}],"x-request-id":["7c0b9b7d-74af-4767-bf9c-7154a12cee4c"]}}

16 янв. 02:49:02.737
[YDB Query Error]: Unexpected transport error code 16! Error itself: {"code":16,"details":"authentication header is missing","metadata":{"content-type":["application/grpc"],"grpc-status-details-bin":[{"type":"Buffer","data":[8,16,18,32,97,117,116,104,101,110,116,105,99,97,116,105,111,110,32,104,101,97,100,101,114,32,105,115,32,109,105,115,115,105,110,103,26,84,10,42,116,121,112,101,46,103,111,111,103,108,101,97,112,105,115,46,99,111,109,47,103,111,111,103,108,101,46,114,112,99,46,82,101,113,117,101,115,116,73,110,102,111,18,38,10,36,55,99,48,98,57,98,55,100,45,55,52,97,102,45,52,55,54,55,45,98,102,57,99,45,55,49,53,52,97,49,50,99,101,101,52,99]}],"x-request-id":["7c0b9b7d-74af-4767-bf9c-7154a12cee4c"]}}

16 янв. 02:49:02.737
[YDB Query Error]: Unexpected transport error code 16! Error itself: {"code":16,"details":"authentication header is missing","metadata":{"content-type":["application/grpc"],"grpc-status-details-bin":[{"type":"Buffer","data":[8,16,18,32,97,117,116,104,101,110,116,105,99,97,116,105,111,110,32,104,101,97,100,101,114,32,105,115,32,109,105,115,115,105,110,103,26,84,10,42,116,121,112,101,46,103,111,111,103,108,101,97,112,105,115,46,99,111,109,47,103,111,111,103,108,101,46,114,112,99,46,82,101,113,117,101,115,116,73,110,102,111,18,38,10,36,55,99,48,98,57,98,55,100,45,55,52,97,102,45,52,55,54,55,45,98,102,57,99,45,55,49,53,52,97,49,50,99,101,101,52,99]}],"x-request-id":["7c0b9b7d-74af-4767-bf9c-7154a12cee4c"]}}

16 янв. 02:49:02.737
[YDB Query Error]: Unexpected transport error code 16! Error itself: {"code":16,"details":"authentication header is missing","metadata":{"content-type":["application/grpc"],"grpc-status-details-bin":[{"type":"Buffer","data":[8,16,18,32,97,117,116,104,101,110,116,105,99,97,116,105,111,110,32,104,101,97,100,101,114,32,105,115,32,109,105,115,115,105,110,103,26,84,10,42,116,121,112,101,46,103,111,111,103,108,101,97,112,105,115,46,99,111,109,47,103,111,111,103,108,101,46,114,112,99,46,82,101,113,117,101,115,116,73,110,102,111,18,38,10,36,55,99,48,98,57,98,55,100,45,55,52,97,102,45,52,55,54,55,45,98,102,57,99,45,55,49,53,52,97,49,50,99,101,101,52,99]}],"x-request-id":["7c0b9b7d-74af-4767-bf9c-7154a12cee4c"]}}

16 янв. 02:49:02.737
[YDB Query Error]: Unexpected transport error code 16! Error itself: {"code":16,"details":"authentication header is missing","metadata":{"content-type":["application/grpc"],"grpc-status-details-bin":[{"type":"Buffer","data":[8,16,18,32,97,117,116,104,101,110,116,105,99,97,116,105,111,110,32,104,101,97,100,101,114,32,105,115,32,109,105,115,115,105,110,103,26,84,10,42,116,121,112,101,46,103,111,111,103,108,101,97,112,105,115,46,99,111,109,47,103,111,111,103,108,101,46,114,112,99,46,82,101,113,117,101,115,116,73,110,102,111,18,38,10,36,55,99,48,98,57,98,55,100,45,55,52,97,102,45,52,55,54,55,45,98,102,57,99,45,55,49,53,52,97,49,50,99,101,101,52,99]}],"x-request-id":["7c0b9b7d-74af-4767-bf9c-7154a12cee4c"]}}

16 янв. 02:49:02.736
[YDB Query Error]: Unexpected transport error code 16! Error itself: {"code":16,"details":"authentication header is missing","metadata":{"content-type":["application/grpc"],"grpc-status-details-bin":[{"type":"Buffer","data":[8,16,18,32,97,117,116,104,101,110,116,105,99,97,116,105,111,110,32,104,101,97,100,101,114,32,105,115,32,109,105,115,115,105,110,103,26,84,10,42,116,121,112,101,46,103,111,111,103,108,101,97,112,105,115,46,99,111,109,47,103,111,111,103,108,101,46,114,112,99,46,82,101,113,117,101,115,116,73,110,102,111,18,38,10,36,55,99,48,98,57,98,55,100,45,55,52,97,102,45,52,55,54,55,45,98,102,57,99,45,55,49,53,52,97,49,50,99,101,101,52,99]}],"x-request-id":["7c0b9b7d-74af-4767-bf9c-7154a12cee4c"]}}

16 янв. 02:49:02.736
[YDB Query Error]: Unexpected transport error code 16! Error itself: {"code":16,"details":"authentication header is missing","metadata":{"content-type":["application/grpc"],"grpc-status-details-bin":[{"type":"Buffer","data":[8,16,18,32,97,117,116,104,101,110,116,105,99,97,116,105,111,110,32,104,101,97,100,101,114,32,105,115,32,109,105,115,115,105,110,103,26,84,10,42,116,121,112,101,46,103,111,111,103,108,101,97,112,105,115,46,99,111,109,47,103,111,111,103,108,101,46,114,112,99,46,82,101,113,117,101,115,116,73,110,102,111,18,38,10,36,55,99,48,98,57,98,55,100,45,55,52,97,102,45,52,55,54,55,45,98,102,57,99,45,55,49,53,52,97,49,50,99,101,101,52,99]}],"x-request-id":["7c0b9b7d-74af-4767-bf9c-7154a12cee4c"]}}

16 янв. 02:49:02.736
[YDB Query Error]: Unexpected transport error code 16! Error itself: {"code":16,"details":"authentication header is missing","metadata":{"content-type":["application/grpc"],"grpc-status-details-bin":[{"type":"Buffer","data":[8,16,18,32,97,117,116,104,101,110,116,105,99,97,116,105,111,110,32,104,101,97,100,101,114,32,105,115,32,109,105,115,115,105,110,103,26,84,10,42,116,121,112,101,46,103,111,111,103,108,101,97,112,105,115,46,99,111,109,47,103,111,111,103,108,101,46,114,112,99,46,82,101,113,117,101,115,116,73,110,102,111,18,38,10,36,55,99,48,98,57,98,55,100,45,55,52,97,102,45,52,55,54,55,45,98,102,57,99,45,55,49,53,52,97,49,50,99,101,101,52,99]}],"x-request-id":["7c0b9b7d-74af-4767-bf9c-7154a12cee4c"]}}

16 янв. 02:49:02.736
[YDB Query Error]: Unexpected transport error code 16! Error itself: {"code":16,"details":"authentication header is missing","metadata":{"content-type":["application/grpc"],"grpc-status-details-bin":[{"type":"Buffer","data":[8,16,18,32,97,117,116,104,101,110,116,105,99,97,116,105,111,110,32,104,101,97,100,101,114,32,105,115,32,109,105,115,115,105,110,103,26,84,10,42,116,121,112,101,46,103,111,111,103,108,101,97,112,105,115,46,99,111,109,47,103,111,111,103,108,101,46,114,112,99,46,82,101,113,117,101,115,116,73,110,102,111,18,38,10,36,55,99,48,98,57,98,55,100,45,55,52,97,102,45,52,55,54,55,45,98,102,57,99,45,55,49,53,52,97,49,50,99,101,101,52,99]}],"x-request-id":["7c0b9b7d-74af-4767-bf9c-7154a12cee4c"]}}

16 янв. 02:49:02.736
[YDB Query Error]: Unexpected transport error code 16! Error itself: {"code":16,"details":"authentication header is missing","metadata":{"content-type":["application/grpc"],"grpc-status-details-bin":[{"type":"Buffer","data":[8,16,18,32,97,117,116,104,101,110,116,105,99,97,116,105,111,110,32,104,101,97,100,101,114,32,105,115,32,109,105,115,115,105,110,103,26,84,10,42,116,121,112,101,46,103,111,111,103,108,101,97,112,105,115,46,99,111,109,47,103,111,111,103,108,101,46,114,112,99,46,82,101,113,117,101,115,116,73,110,102,111,18,38,10,36,55,99,48,98,57,98,55,100,45,55,52,97,102,45,52,55,54,55,45,98,102,57,99,45,55,49,53,52,97,49,50,99,101,101,52,99]}],"x-request-id":["7c0b9b7d-74af-4767-bf9c-7154a12cee4c"]}}

16 янв. 02:49:02.736
[YDB Query Error]: Unexpected transport error code 16! Error itself: {"code":16,"details":"authentication header is missing","metadata":{"content-type":["application/grpc"],"grpc-status-details-bin":[{"type":"Buffer","data":[8,16,18,32,97,117,116,104,101,110,116,105,99,97,116,105,111,110,32,104,101,97,100,101,114,32,105,115,32,109,105,115,115,105,110,103,26,84,10,42,116,121,112,101,46,103,111,111,103,108,101,97,112,105,115,46,99,111,109,47,103,111,111,103,108,101,46,114,112,99,46,82,101,113,117,101,115,116,73,110,102,111,18,38,10,36,55,99,48,98,57,98,55,100,45,55,52,97,102,45,52,55,54,55,45,98,102,57,99,45,55,49,53,52,97,49,50,99,101,101,52,99]}],"x-request-id":["7c0b9b7d-74af-4767-bf9c-7154a12cee4c"]}}

16 янв. 02:49:02.736
[YDB Query Error]: Unexpected transport error code 16! Error itself: {"code":16,"details":"authentication header is missing","metadata":{"content-type":["application/grpc"],"grpc-status-details-bin":[{"type":"Buffer","data":[8,16,18,32,97,117,116,104,101,110,116,105,99,97,116,105,111,110,32,104,101,97,100,101,114,32,105,115,32,109,105,115,115,105,110,103,26,84,10,42,116,121,112,101,46,103,111,111,103,108,101,97,112,105,115,46,99,111,109,47,103,111,111,103,108,101,46,114,112,99,46,82,101,113,117,101,115,116,73,110,102,111,18,38,10,36,55,99,48,98,57,98,55,100,45,55,52,97,102,45,52,55,54,55,45,98,102,57,99,45,55,49,53,52,97,49,50,99,101,101,52,99]}],"x-request-id":["7c0b9b7d-74af-4767-bf9c-7154a12cee4c"]}}

16 янв. 02:49:02.736
[YDB Query Error]: Unexpected transport error code 16! Error itself: {"code":16,"details":"authentication header is missing","metadata":{"content-type":["application/grpc"],"grpc-status-details-bin":[{"type":"Buffer","data":[8,16,18,32,97,117,116,104,101,110,116,105,99,97,116,105,111,110,32,104,101,97,100,101,114,32,105,115,32,109,105,115,115,105,110,103,26,84,10,42,116,121,112,101,46,103,111,111,103,108,101,97,112,105,115,46,99,111,109,47,103,111,111,103,108,101,46,114,112,99,46,82,101,113,117,101,115,116,73,110,102,111,18,38,10,36,55,99,48,98,57,98,55,100,45,55,52,97,102,45,52,55,54,55,45,98,102,57,99,45,55,49,53,52,97,49,50,99,101,101,52,99]}],"x-request-id":["7c0b9b7d-74af-4767-bf9c-7154a12cee4c"]}}

16 янв. 02:49:02.736
[YDB Query Error]: Unexpected transport error code 16! Error itself: {"code":16,"details":"authentication header is missing","metadata":{"content-type":["application/grpc"],"grpc-status-details-bin":[{"type":"Buffer","data":[8,16,18,32,97,117,116,104,101,110,116,105,99,97,116,105,111,110,32,104,101,97,100,101,114,32,105,115,32,109,105,115,115,105,110,103,26,84,10,42,116,121,112,101,46,103,111,111,103,108,101,97,112,105,115,46,99,111,109,47,103,111,111,103,108,101,46,114,112,99,46,82,101,113,117,101,115,116,73,110,102,111,18,38,10,36,55,99,48,98,57,98,55,100,45,55,52,97,102,45,52,55,54,55,45,98,102,57,99,45,55,49,53,52,97,49,50,99,101,101,52,99]}],"x-request-id":["7c0b9b7d-74af-4767-bf9c-7154a12cee4c"]}}

16 янв. 02:49:02.736
[YDB Query Error]: Unexpected transport error code 16! Error itself: {"code":16,"details":"authentication header is missing","metadata":{"content-type":["application/grpc"],"grpc-status-details-bin":[{"type":"Buffer","data":[8,16,18,32,97,117,116,104,101,110,116,105,99,97,116,105,111,110,32,104,101,97,100,101,114,32,105,115,32,109,105,115,115,105,110,103,26,84,10,42,116,121,112,101,46,103,111,111,103,108,101,97,112,105,115,46,99,111,109,47,103,111,111,103,108,101,46,114,112,99,46,82,101,113,117,101,115,116,73,110,102,111,18,38,10,36,55,99,48,98,57,98,55,100,45,55,52,97,102,45,52,55,54,55,45,98,102,57,99,45,55,49,53,52,97,49,50,99,101,101,52,99]}],"x-request-id":["7c0b9b7d-74af-4767-bf9c-7154a12cee4c"]}}

16 янв. 02:49:02.736
[YDB Query Error]: Unexpected transport error code 16! Error itself: {"code":16,"details":"authentication header is missing","metadata":{"content-type":["application/grpc"],"grpc-status-details-bin":[{"type":"Buffer","data":[8,16,18,32,97,117,116,104,101,110,116,105,99,97,116,105,111,110,32,104,101,97,100,101,114,32,105,115,32,109,105,115,115,105,110,103,26,84,10,42,116,121,112,101,46,103,111,111,103,108,101,97,112,105,115,46,99,111,109,47,103,111,111,103,108,101,46,114,112,99,46,82,101,113,117,101,115,116,73,110,102,111,18,38,10,36,55,99,48,98,57,98,55,100,45,55,52,97,102,45,52,55,54,55,45,98,102,57,99,45,55,49,53,52,97,49,50,99,101,101,52,99]}],"x-request-id":["7c0b9b7d-74af-4767-bf9c-7154a12cee4c"]}}

16 янв. 02:49:02.736
[YDB Query Error]: Unexpected transport error code 16! Error itself: {"code":16,"details":"authentication header is missing","metadata":{"content-type":["application/grpc"],"grpc-status-details-bin":[{"type":"Buffer","data":[8,16,18,32,97,117,116,104,101,110,116,105,99,97,116,105,111,110,32,104,101,97,100,101,114,32,105,115,32,109,105,115,115,105,110,103,26,84,10,42,116,121,112,101,46,103,111,111,103,108,101,97,112,105,115,46,99,111,109,47,103,111,111,103,108,101,46,114,112,99,46,82,101,113,117,101,115,116,73,110,102,111,18,38,10,36,55,99,48,98,57,98,55,100,45,55,52,97,102,45,52,55,54,55,45,98,102,57,99,45,55,49,53,52,97,49,50,99,101,101,52,99]}],"x-request-id":["7c0b9b7d-74af-4767-bf9c-7154a12cee4c"]}}

16 янв. 02:49:02.736
[YDB Query Error]: Unexpected transport error code 16! Error itself: {"code":16,"details":"authentication header is missing","metadata":{"content-type":["application/grpc"],"grpc-status-details-bin":[{"type":"Buffer","data":[8,16,18,32,97,117,116,104,101,110,116,105,99,97,116,105,111,110,32,104,101,97,100,101,114,32,105,115,32,109,105,115,115,105,110,103,26,84,10,42,116,121,112,101,46,103,111,111,103,108,101,97,112,105,115,46,99,111,109,47,103,111,111,103,108,101,46,114,112,99,46,82,101,113,117,101,115,116,73,110,102,111,18,38,10,36,55,99,48,98,57,98,55,100,45,55,52,97,102,45,52,55,54,55,45,98,102,57,99,45,55,49,53,52,97,49,50,99,101,101,52,99]}],"x-request-id":["7c0b9b7d-74af-4767-bf9c-7154a12cee4c"]}}

16 янв. 02:49:02.736
[YDB Query Error]: Unexpected transport error code 16! Error itself: {"code":16,"details":"authentication header is missing","metadata":{"content-type":["application/grpc"],"grpc-status-details-bin":[{"type":"Buffer","data":[8,16,18,32,97,117,116,104,101,110,116,105,99,97,116,105,111,110,32,104,101,97,100,101,114,32,105,115,32,109,105,115,115,105,110,103,26,84,10,42,116,121,112,101,46,103,111,111,103,108,101,97,112,105,115,46,99,111,109,47,103,111,111,103,108,101,46,114,112,99,46,82,101,113,117,101,115,116,73,110,102,111,18,38,10,36,55,99,48,98,57,98,55,100,45,55,52,97,102,45,52,55,54,55,45,98,102,57,99,45,55,49,53,52,97,49,50,99,101,101,52,99]}],"x-request-id":["7c0b9b7d-74af-4767-bf9c-7154a12cee4c"]}}

16 янв. 02:49:02.736
[YDB Query Error]: Unexpected transport error code 16! Error itself: {"code":16,"details":"authentication header is missing","metadata":{"content-type":["application/grpc"],"grpc-status-details-bin":[{"type":"Buffer","data":[8,16,18,32,97,117,116,104,101,110,116,105,99,97,116,105,111,110,32,104,101,97,100,101,114,32,105,115,32,109,105,115,115,105,110,103,26,84,10,42,116,121,112,101,46,103,111,111,103,108,101,97,112,105,115,46,99,111,109,47,103,111,111,103,108,101,46,114,112,99,46,82,101,113,117,101,115,116,73,110,102,111,18,38,10,36,55,99,48,98,57,98,55,100,45,55,52,97,102,45,52,55,54,55,45,98,102,57,99,45,55,49,53,52,97,49,50,99,101,101,52,99]}],"x-request-id":["7c0b9b7d-74af-4767-bf9c-7154a12cee4c"]}}

16 янв. 02:49:02.736
[YDB Query Error]: Unexpected transport error code 16! Error itself: {"code":16,"details":"authentication header is missing","metadata":{"content-type":["application/grpc"],"grpc-status-details-bin":[{"type":"Buffer","data":[8,16,18,32,97,117,116,104,101,110,116,105,99,97,116,105,111,110,32,104,101,97,100,101,114,32,105,115,32,109,105,115,115,105,110,103,26,84,10,42,116,121,112,101,46,103,111,111,103,108,101,97,112,105,115,46,99,111,109,47,103,111,111,103,108,101,46,114,112,99,46,82,101,113,117,101,115,116,73,110,102,111,18,38,10,36,55,99,48,98,57,98,55,100,45,55,52,97,102,45,52,55,54,55,45,98,102,57,99,45,55,49,53,52,97,49,50,99,101,101,52,99]}],"x-request-id":["7c0b9b7d-74af-4767-bf9c-7154a12cee4c"]}}

16 янв. 02:49:02.736
[YDB Query Error]: Unexpected transport error code 16! Error itself: {"code":16,"details":"authentication header is missing","metadata":{"content-type":["application/grpc"],"grpc-status-details-bin":[{"type":"Buffer","data":[8,16,18,32,97,117,116,104,101,110,116,105,99,97,116,105,111,110,32,104,101,97,100,101,114,32,105,115,32,109,105,115,115,105,110,103,26,84,10,42,116,121,112,101,46,103,111,111,103,108,101,97,112,105,115,46,99,111,109,47,103,111,111,103,108,101,46,114,112,99,46,82,101,113,117,101,115,116,73,110,102,111,18,38,10,36,55,99,48,98,57,98,55,100,45,55,52,97,102,45,52,55,54,55,45,98,102,57,99,45,55,49,53,52,97,49,50,99,101,101,52,99]}],"x-request-id":["7c0b9b7d-74af-4767-bf9c-7154a12cee4c"]}}

16 янв. 02:49:02.735
[YDB Query Error]: Unexpected transport error code 16! Error itself: {"code":16,"details":"authentication header is missing","metadata":{"content-type":["application/grpc"],"grpc-status-details-bin":[{"type":"Buffer","data":[8,16,18,32,97,117,116,104,101,110,116,105,99,97,116,105,111,110,32,104,101,97,100,101,114,32,105,115,32,109,105,115,115,105,110,103,26,84,10,42,116,121,112,101,46,103,111,111,103,108,101,97,112,105,115,46,99,111,109,47,103,111,111,103,108,101,46,114,112,99,46,82,101,113,117,101,115,116,73,110,102,111,18,38,10,36,55,99,48,98,57,98,55,100,45,55,52,97,102,45,52,55,54,55,45,98,102,57,99,45,55,49,53,52,97,49,50,99,101,101,52,99]}],"x-request-id":["7c0b9b7d-74af-4767-bf9c-7154a12cee4c"]}}

16 янв. 02:49:02.735
[YDB Query Error]: Unexpected transport error code 16! Error itself: {"code":16,"details":"authentication header is missing","metadata":{"content-type":["application/grpc"],"grpc-status-details-bin":[{"type":"Buffer","data":[8,16,18,32,97,117,116,104,101,110,116,105,99,97,116,105,111,110,32,104,101,97,100,101,114,32,105,115,32,109,105,115,115,105,110,103,26,84,10,42,116,121,112,101,46,103,111,111,103,108,101,97,112,105,115,46,99,111,109,47,103,111,111,103,108,101,46,114,112,99,46,82,101,113,117,101,115,116,73,110,102,111,18,38,10,36,55,99,48,98,57,98,55,100,45,55,52,97,102,45,52,55,54,55,45,98,102,57,99,45,55,49,53,52,97,49,50,99,101,101,52,99]}],"x-request-id":["7c0b9b7d-74af-4767-bf9c-7154a12cee4c"]}}

16 янв. 02:49:02.735
[YDB Query Error]: Unexpected transport error code 16! Error itself: {"code":16,"details":"authentication header is missing","metadata":{"content-type":["application/grpc"],"grpc-status-details-bin":[{"type":"Buffer","data":[8,16,18,32,97,117,116,104,101,110,116,105,99,97,116,105,111,110,32,104,101,97,100,101,114,32,105,115,32,109,105,115,115,105,110,103,26,84,10,42,116,121,112,101,46,103,111,111,103,108,101,97,112,105,115,46,99,111,109,47,103,111,111,103,108,101,46,114,112,99,46,82,101,113,117,101,115,116,73,110,102,111,18,38,10,36,55,99,48,98,57,98,55,100,45,55,52,97,102,45,52,55,54,55,45,98,102,57,99,45,55,49,53,52,97,49,50,99,101,101,52,99]}],"x-request-id":["7c0b9b7d-74af-4767-bf9c-7154a12cee4c"]}}

16 янв. 02:49:02.735
[YDB Query Error]: Unexpected transport error code 16! Error itself: {"code":16,"details":"authentication header is missing","metadata":{"content-type":["application/grpc"],"grpc-status-details-bin":[{"type":"Buffer","data":[8,16,18,32,97,117,116,104,101,110,116,105,99,97,116,105,111,110,32,104,101,97,100,101,114,32,105,115,32,109,105,115,115,105,110,103,26,84,10,42,116,121,112,101,46,103,111,111,103,108,101,97,112,105,115,46,99,111,109,47,103,111,111,103,108,101,46,114,112,99,46,82,101,113,117,101,115,116,73,110,102,111,18,38,10,36,55,99,48,98,57,98,55,100,45,55,52,97,102,45,52,55,54,55,45,98,102,57,99,45,55,49,53,52,97,49,50,99,101,101,52,99]}],"x-request-id":["7c0b9b7d-74af-4767-bf9c-7154a12cee4c"]}}

16 янв. 02:49:02.735
[YDB Query Error]: Unexpected transport error code 16! Error itself: {"code":16,"details":"authentication header is missing","metadata":{"content-type":["application/grpc"],"grpc-status-details-bin":[{"type":"Buffer","data":[8,16,18,32,97,117,116,104,101,110,116,105,99,97,116,105,111,110,32,104,101,97,100,101,114,32,105,115,32,109,105,115,115,105,110,103,26,84,10,42,116,121,112,101,46,103,111,111,103,108,101,97,112,105,115,46,99,111,109,47,103,111,111,103,108,101,46,114,112,99,46,82,101,113,117,101,115,116,73,110,102,111,18,38,10,36,55,99,48,98,57,98,55,100,45,55,52,97,102,45,52,55,54,55,45,98,102,57,99,45,55,49,53,52,97,49,50,99,101,101,52,99]}],"x-request-id":["7c0b9b7d-74af-4767-bf9c-7154a12cee4c"]}}

16 янв. 02:49:02.735
[YDB Query Error]: Unexpected transport error code 16! Error itself: {"code":16,"details":"authentication header is missing","metadata":{"content-type":["application/grpc"],"grpc-