

16 янв. 02:52:39.309
[YDB Query Error]: Unexpected transport error code 16! Error itself: {"code":16,"details":"authentication header is missing","metadata":{"content-type":["application/grpc"],"grpc-status-details-bin":[{"type":"Buffer","data":[8,16,18,32,97,117,116,104,101,110,116,105,99,97,116,105,111,110,32,104,101,97,100,101,114,32,105,115,32,109,105,115,115,105,110,103,26,84,10,42,116,121,112,101,46,103,111,111,103,108,101,97,112,105,115,46,99,111,109,47,103,111,111,103,108,101,46,114,112,99,46,82,101,113,117,101,115,116,73,110,102,111,18,38,10,36,52,49,53,51,52,48,102,57,45,57,50,99,99,45,52,101,102,102,45,98,48,49,99,45,97,97,50,50,51,48,55,97,55,57,101,53]}],"x-request-id":["415340f9-92cc-4eff-b01c-aa22307a79e5"]}}

16 янв. 02:52:39.309
[YDB Query Error]: Unexpected transport error code 16! Error itself: {"code":16,"details":"authentication header is missing","metadata":{"content-type":["application/grpc"],"grpc-status-details-bin":[{"type":"Buffer","data":[8,16,18,32,97,117,116,104,101,110,116,105,99,97,116,105,111,110,32,104,101,97,100,101,114,32,105,115,32,109,105,115,115,105,110,103,26,84,10,42,116,121,112,101,46,103,111,111,103,108,101,97,112,105,115,46,99,111,109,47,103,111,111,103,108,101,46,114,112,99,46,82,101,113,117,101,115,116,73,110,102,111,18,38,10,36,52,49,53,51,52,48,102,57,45,57,50,99,99,45,52,101,102,102,45,98,48,49,99,45,97,97,50,50,51,48,55,97,55,57,101,53]}],"x-request-id":["415340f9-92cc-4eff-b01c-aa22307a79e5"]}}

16 янв. 02:52:39.309
[YDB Query Error]: Unexpected transport error code 16! Error itself: {"code":16,"details":"authentication header is missing","metadata":{"content-type":["application/grpc"],"grpc-status-details-bin":[{"type":"Buffer","data":[8,16,18,32,97,117,116,104,101,110,116,105,99,97,116,105,111,110,32,104,101,97,100,101,114,32,105,115,32,109,105,115,115,105,110,103,26,84,10,42,116,121,112,101,46,103,111,111,103,108,101,97,112,105,115,46,99,111,109,47,103,111,111,103,108,101,46,114,112,99,46,82,101,113,117,101,115,116,73,110,102,111,18,38,10,36,52,49,53,51,52,48,102,57,45,57,50,99,99,45,52,101,102,102,45,98,48,49,99,45,97,97,50,50,51,48,55,97,55,57,101,53]}],"x-request-id":["415340f9-92cc-4eff-b01c-aa22307a79e5"]}}

16 янв. 02:52:39.309
[YDB Query Error]: Unexpected transport error code 16! Error itself: {"code":16,"details":"authentication header is missing","metadata":{"content-type":["application/grpc"],"grpc-status-details-bin":[{"type":"Buffer","data":[8,16,18,32,97,117,116,104,101,110,116,105,99,97,116,105,111,110,32,104,101,97,100,101,114,32,105,115,32,109,105,115,115,105,110,103,26,84,10,42,116,121,112,101,46,103,111,111,103,108,101,97,112,105,115,46,99,111,109,47,103,111,111,103,108,101,46,114,112,99,46,82,101,113,117,101,115,116,73,110,102,111,18,38,10,36,52,49,53,51,52,48,102,57,45,57,50,99,99,45,52,101,102,102,45,98,48,49,99,45,97,97,50,50,51,48,55,97,55,57,101,53]}],"x-request-id":["415340f9-92cc-4eff-b01c-aa22307a79e5"]}}

16 янв. 02:52:39.309
[YDB Query Error]: Unexpected transport error code 16! Error itself: {"code":16,"details":"authentication header is missing","metadata":{"content-type":["application/grpc"],"grpc-status-details-bin":[{"type":"Buffer","data":[8,16,18,32,97,117,116,104,101,110,116,105,99,97,116,105,111,110,32,104,101,97,100,101,114,32,105,115,32,109,105,115,115,105,110,103,26,84,10,42,116,121,112,101,46,103,111,111,103,108,101,97,112,105,115,46,99,111,109,47,103,111,111,103,108,101,46,114,112,99,46,82,101,113,117,101,115,116,73,110,102,111,18,38,10,36,52,49,53,51,52,48,102,57,45,57,50,99,99,45,52,101,102,102,45,98,48,49,99,45,97,97,50,50,51,48,55,97,55,57,101,53]}],"x-request-id":["415340f9-92cc-4eff-b01c-aa22307a79e5"]}}

16 янв. 02:52:39.309
[YDB Query Error]: Unexpected transport error code 16! Error itself: {"code":16,"details":"authentication header is missing","metadata":{"content-type":["application/grpc"],"grpc-status-details-bin":[{"type":"Buffer","data":[8,16,18,32,97,117,116,104,101,110,116,105,99,97,116,105,111,110,32,104,101,97,100,101,114,32,105,115,32,109,105,115,115,105,110,103,26,84,10,42,116,121,112,101,46,103,111,111,103,108,101,97,112,105,115,46,99,111,109,47,103,111,111,103,108,101,46,114,112,99,46,82,101,113,117,101,115,116,73,110,102,111,18,38,10,36,52,49,53,51,52,48,102,57,45,57,50,99,99,45,52,101,102,102,45,98,48,49,99,45,97,97,50,50,51,48,55,97,55,57,101,53]}],"x-request-id":["415340f9-92cc-4eff-b01c-aa22307a79e5"]}}

16 янв. 02:52:39.308
[YDB Query Error]: Unexpected transport error code 16! Error itself: {"code":16,"details":"authentication header is missing","metadata":{"content-type":["application/grpc"],"grpc-status-details-bin":[{"type":"Buffer","data":[8,16,18,32,97,117,116,104,101,110,116,105,99,97,116,105,111,110,32,104,101,97,100,101,114,32,105,115,32,109,105,115,115,105,110,103,26,84,10,42,116,121,112,101,46,103,111,111,103,108,101,97,112,105,115,46,99,111,109,47,103,111,111,103,108,101,46,114,112,99,46,82,101,113,117,101,115,116,73,110,102,111,18,38,10,36,52,49,53,51,52,48,102,57,45,57,50,99,99,45,52,101,102,102,45,98,48,49,99,45,97,97,50,50,51,48,55,97,55,57,101,53]}],"x-request-id":["415340f9-92cc-4eff-b01c-aa22307a79e5"]}}

16 янв. 02:52:39.308
[YDB Query Error]: Unexpected transport error code 16! Error itself: {"code":16,"details":"authentication header is missing","metadata":{"content-type":["application/grpc"],"grpc-status-details-bin":[{"type":"Buffer","data":[8,16,18,32,97,117,116,104,101,110,116,105,99,97,116,105,111,110,32,104,101,97,100,101,114,32,105,115,32,109,105,115,115,105,110,103,26,84,10,42,116,121,112,101,46,103,111,111,103,108,101,97,112,105,115,46,99,111,109,47,103,111,111,103,108,101,46,114,112,99,46,82,101,113,117,101,115,116,73,110,102,111,18,38,10,36,52,49,53,51,52,48,102,57,45,57,50,99,99,45,52,101,102,102,45,98,48,49,99,45,97,97,50,50,51,48,55,97,55,57,101,53]}],"x-request-id":["415340f9-92cc-4eff-b01c-aa22307a79e5"]}}

16 янв. 02:52:39.219
[1C] Background auto-sync check...

16 янв. 02:52:39.219
[YDB Query Error]: Unexpected transport error code 16! Error itself: {"code":16,"details":"authentication header is missing","metadata":{"content-type":["application/grpc"],"grpc-status-details-bin":[{"type":"Buffer","data":[8,16,18,32,97,117,116,104,101,110,116,105,99,97,116,105,111,110,32,104,101,97,100,101,114,32,105,115,32,109,105,115,115,105,110,103,26,84,10,42,116,121,112,101,46,103,111,111,103,108,101,97,112,105,115,46,99,111,109,47,103,111,111,103,108,101,46,114,112,99,46,82,101,113,117,101,115,116,73,110,102,111,18,38,10,36,52,49,53,51,52,48,102,57,45,57,50,99,99,45,52,101,102,102,45,98,48,49,99,45,97,97,50,50,51,48,55,97,55,57,101,53]}],"x-request-id":["415340f9-92cc-4eff-b01c-aa22307a79e5"]}}

16 янв. 02:52:39.058
[YDB] Initializing Driver for: grpcs://ydb.serverless.yandexcloud.net:2135

16 янв. 02:52:38.415
START RequestID: d96139e8-47d9-46ab-9f7b-fafce8a89e4c