16 янв. 02:49:02.735
[YDB Query Error]: Unexpected transport error code 16! Error itself: {"code":16,"details":"authentication header is missing","metadata":{"content-type":["application/grpc"],"grpc-status-details-bin":[{"type":"Buffer","data":[8,16,18,32,97,117,116,104,101,110,116,105,99,97,116,105,111,110,32,104,101,97,100,101,114,32,105,115,32,109,105,115,115,105,110,103,26,84,10,42,116,121,112,101,46,103,111,111,103,108,101,97,112,105,115,46,99,111,109,47,103,111,111,103,108,101,46,114,112,99,46,82,101,113,117,101,115,116,73,110,102,111,18,38,10,36,55,99,48,98,57,98,55,100,45,55,52,97,102,45,52,55,54,55,45,98,102,57,99,45,55,49,53,52,97,49,50,99,101,101,52,99]}],"x-request-id":["7c0b9b7d-74af-4767-bf9c-7154a12cee4c"]}}

16 янв. 02:49:02.735
[YDB Query Error]: Unexpected transport error code 16! Error itself: {"code":16,"details":"authentication header is missing","metadata":{"content-type":["application/grpc"],"grpc-status-details-bin":[{"type":"Buffer","data":[8,16,18,32,97,117,116,104,101,110,116,105,99,97,116,105,111,110,32,104,101,97,100,101,114,32,105,115,32,109,105,115,115,105,110,103,26,84,10,42,116,121,112,101,46,103,111,111,103,108,101,97,112,105,115,46,99,111,109,47,103,111,111,103,108,101,46,114,112,99,46,82,101,113,117,101,115,116,73,110,102,111,18,38,10,36,55,99,48,98,57,98,55,100,45,55,52,97,102,45,52,55,54,55,45,98,102,57,99,45,55,49,53,52,97,49,50,99,101,101,52,99]}],"x-request-id":["7c0b9b7d-74af-4767-bf9c-7154a12cee4c"]}}

16 янв. 02:49:02.735
[YDB Query Error]: Unexpected transport error code 16! Error itself: {"code":16,"details":"authentication header is missing","metadata":{"content-type":["application/grpc"],"grpc-status-details-bin":[{"type":"Buffer","data":[8,16,18,32,97,117,116,104,101,110,116,105,99,97,116,105,111,110,32,104,101,97,100,101,114,32,105,115,32,109,105,115,115,105,110,103,26,84,10,42,116,121,112,101,46,103,111,111,103,108,101,97,112,105,115,46,99,111,109,47,103,111,111,103,108,101,46,114,112,99,46,82,101,113,117,101,115,116,73,110,102,111,18,38,10,36,55,99,48,98,57,98,55,100,45,55,52,97,102,45,52,55,54,55,45,98,102,57,99,45,55,49,53,52,97,49,50,99,101,101,52,99]}],"x-request-id":["7c0b9b7d-74af-4767-bf9c-7154a12cee4c"]}}

16 янв. 02:49:02.735
[YDB Query Error]: Unexpected transport error code 16! Error itself: {"code":16,"details":"authentication header is missing","metadata":{"content-type":["application/grpc"],"grpc-status-details-bin":[{"type":"Buffer","data":[8,16,18,32,97,117,116,104,101,110,116,105,99,97,116,105,111,110,32,104,101,97,100,101,114,32,105,115,32,109,105,115,115,105,110,103,26,84,10,42,116,121,112,101,46,103,111,111,103,108,101,97,112,105,115,46,99,111,109,47,103,111,111,103,108,101,46,114,112,99,46,82,101,113,117,101,115,116,73,110,102,111,18,38,10,36,55,99,48,98,57,98,55,100,45,55,52,97,102,45,52,55,54,55,45,98,102,57,99,45,55,49,53,52,97,49,50,99,101,101,52,99]}],"x-request-id":["7c0b9b7d-74af-4767-bf9c-7154a12cee4c"]}}

16 янв. 02:49:02.735
[YDB Query Error]: Unexpected transport error code 16! Error itself: {"code":16,"details":"authentication header is missing","metadata":{"content-type":["application/grpc"],"grpc-status-details-bin":[{"type":"Buffer","data":[8,16,18,32,97,117,116,104,101,110,116,105,99,97,116,105,111,110,32,104,101,97,100,101,114,32,105,115,32,109,105,115,115,105,110,103,26,84,10,42,116,121,112,101,46,103,111,111,103,108,101,97,112,105,115,46,99,111,109,47,103,111,111,103,108,101,46,114,112,99,46,82,101,113,117,101,115,116,73,110,102,111,18,38,10,36,55,99,48,98,57,98,55,100,45,55,52,97,102,45,52,55,54,55,45,98,102,57,99,45,55,49,53,52,97,49,50,99,101,101,52,99]}],"x-request-id":["7c0b9b7d-74af-4767-bf9c-7154a12cee4c"]}}

16 янв. 02:49:02.735
[YDB Query Error]: Unexpected transport error code 16! Error itself: {"code":16,"details":"authentication header is missing","metadata":{"content-type":["application/grpc"],"grpc-status-details-bin":[{"type":"Buffer","data":[8,16,18,32,97,117,116,104,101,110,116,105,99,97,116,105,111,110,32,104,101,97,100,101,114,32,105,115,32,109,105,115,115,105,110,103,26,84,10,42,116,121,112,101,46,103,111,111,103,108,101,97,112,105,115,46,99,111,109,47,103,111,111,103,108,101,46,114,112,99,46,82,101,113,117,101,115,116,73,110,102,111,18,38,10,36,55,99,48,98,57,98,55,100,45,55,52,97,102,45,52,55,54,55,45,98,102,57,99,45,55,49,53,52,97,49,50,99,101,101,52,99]}],"x-request-id":["7c0b9b7d-74af-4767-bf9c-7154a12cee4c"]}}

16 янв. 02:49:02.735
[YDB Query Error]: Unexpected transport error code 16! Error itself: {"code":16,"details":"authentication header is missing","metadata":{"content-type":["application/grpc"],"grpc-status-details-bin":[{"type":"Buffer","data":[8,16,18,32,97,117,116,104,101,110,116,105,99,97,116,105,111,110,32,104,101,97,100,101,114,32,105,115,32,109,105,115,115,105,110,103,26,84,10,42,116,121,112,101,46,103,111,111,103,108,101,97,112,105,115,46,99,111,109,47,103,111,111,103,108,101,46,114,112,99,46,82,101,113,117,101,115,116,73,110,102,111,18,38,10,36,55,99,48,98,57,98,55,100,45,55,52,97,102,45,52,55,54,55,45,98,102,57,99,45,55,49,53,52,97,49,50,99,101,101,52,99]}],"x-request-id":["7c0b9b7d-74af-4767-bf9c-7154a12cee4c"]}}

16 янв. 02:49:02.735
[YDB Query Error]: Unexpected transport error code 16! Error itself: {"code":16,"details":"authentication header is missing","metadata":{"content-type":["application/grpc"],"grpc-status-details-bin":[{"type":"Buffer","data":[8,16,18,32,97,117,116,104,101,110,116,105,99,97,116,105,111,110,32,104,101,97,100,101,114,32,105,115,32,109,105,115,115,105,110,103,26,84,10,42,116,121,112,101,46,103,111,111,103,108,101,97,112,105,115,46,99,111,109,47,103,111,111,103,108,101,46,114,112,99,46,82,101,113,117,101,115,116,73,110,102,111,18,38,10,36,55,99,48,98,57,98,55,100,45,55,52,97,102,45,52,55,54,55,45,98,102,57,99,45,55,49,53,52,97,49,50,99,101,101,52,99]}],"x-request-id":["7c0b9b7d-74af-4767-bf9c-7154a12cee4c"]}}

16 янв. 02:49:02.735
[YDB Query Error]: Unexpected transport error code 16! Error itself: {"code":16,"details":"authentication header is missing","metadata":{"content-type":["application/grpc"],"grpc-status-details-bin":[{"type":"Buffer","data":[8,16,18,32,97,117,116,104,101,110,116,105,99,97,116,105,111,110,32,104,101,97,100,101,114,32,105,115,32,109,105,115,115,105,110,103,26,84,10,42,116,121,112,101,46,103,111,111,103,108,101,97,112,105,115,46,99,111,109,47,103,111,111,103,108,101,46,114,112,99,46,82,101,113,117,101,115,116,73,110,102,111,18,38,10,36,55,99,48,98,57,98,55,100,45,55,52,97,102,45,52,55,54,55,45,98,102,57,99,45,55,49,53,52,97,49,50,99,101,101,52,99]}],"x-request-id":["7c0b9b7d-74af-4767-bf9c-7154a12cee4c"]}}

16 янв. 02:49:02.735
[YDB Query Error]: Unexpected transport error code 16! Error itself: {"code":16,"details":"authentication header is missing","metadata":{"content-type":["application/grpc"],"grpc-status-details-bin":[{"type":"Buffer","data":[8,16,18,32,97,117,116,104,101,110,116,105,99,97,116,105,111,110,32,104,101,97,100,101,114,32,105,115,32,109,105,115,115,105,110,103,26,84,10,42,116,121,112,101,46,103,111,111,103,108,101,97,112,105,115,46,99,111,109,47,103,111,111,103,108,101,46,114,112,99,46,82,101,113,117,101,115,116,73,110,102,111,18,38,10,36,55,99,48,98,57,98,55,100,45,55,52,97,102,45,52,55,54,55,45,98,102,57,99,45,55,49,53,52,97,49,50,99,101,101,52,99]}],"x-request-id":["7c0b9b7d-74af-4767-bf9c-7154a12cee4c"]}}

16 янв. 02:49:02.735
[YDB Query Error]: Unexpected transport error code 16! Error itself: {"code":16,"details":"authentication header is missing","metadata":{"content-type":["application/grpc"],"grpc-status-details-bin":[{"type":"Buffer","data":[8,16,18,32,97,117,116,104,101,110,116,105,99,97,116,105,111,110,32,104,101,97,100,101,114,32,105,115,32,109,105,115,115,105,110,103,26,84,10,42,116,121,112,101,46,103,111,111,103,108,101,97,112,105,115,46,99,111,109,47,103,111,111,103,108,101,46,114,112,99,46,82,101,113,117,101,115,116,73,110,102,111,18,38,10,36,55,99,48,98,57,98,55,100,45,55,52,97,102,45,52,55,54,55,45,98,102,57,99,45,55,49,53,52,97,49,50,99,101,101,52,99]}],"x-request-id":["7c0b9b7d-74af-4767-bf9c-7154a12cee4c"]}}

16 янв. 02:49:02.735
[YDB Query Error]: Unexpected transport error code 16! Error itself: {"code":16,"details":"authentication header is missing","metadata":{"content-type":["application/grpc"],"grpc-status-details-bin":[{"type":"Buffer","data":[8,16,18,32,97,117,116,104,101,110,116,105,99,97,116,105,111,110,32,104,101,97,100,101,114,32,105,115,32,109,105,115,115,105,110,103,26,84,10,42,116,121,112,101,46,103,111,111,103,108,101,97,112,105,115,46,99,111,109,47,103,111,111,103,108,101,46,114,112,99,46,82,101,113,117,101,115,116,73,110,102,111,18,38,10,36,55,99,48,98,57,98,55,100,45,55,52,97,102,45,52,55,54,55,45,98,102,57,99,45,55,49,53,52,97,49,50,99,101,101,52,99]}],"x-request-id":["7c0b9b7d-74af-4767-bf9c-7154a12cee4c"]}}

16 янв. 02:49:02.735
[YDB Query Error]: Unexpected transport error code 16! Error itself: {"code":16,"details":"authentication header is missing","metadata":{"content-type":["application/grpc"],"grpc-status-details-bin":[{"type":"Buffer","data":[8,16,18,32,97,117,116,104,101,110,116,105,99,97,116,105,111,110,32,104,101,97,100,101,114,32,105,115,32,109,105,115,115,105,110,103,26,84,10,42,116,121,112,101,46,103,111,111,103,108,101,97,112,105,115,46,99,111,109,47,103,111,111,103,108,101,46,114,112,99,46,82,101,113,117,101,115,116,73,110,102,111,18,38,10,36,55,99,48,98,57,98,55,100,45,55,52,97,102,45,52,55,54,55,45,98,102,57,99,45,55,49,53,52,97,49,50,99,101,101,52,99]}],"x-request-id":["7c0b9b7d-74af-4767-bf9c-7154a12cee4c"]}}

16 янв. 02:49:02.734
[YDB Query Error]: Unexpected transport error code 16! Error itself: {"code":16,"details":"authentication header is missing","metadata":{"content-type":["application/grpc"],"grpc-status-details-bin":[{"type":"Buffer","data":[8,16,18,32,97,117,116,104,101,110,116,105,99,97,116,105,111,110,32,104,101,97,100,101,114,32,105,115,32,109,105,115,115,105,110,103,26,84,10,42,116,121,112,101,46,103,111,111,103,108,101,97,112,105,115,46,99,111,109,47,103,111,111,103,108,101,46,114,112,99,46,82,101,113,117,101,115,116,73,110,102,111,18,38,10,36,55,99,48,98,57,98,55,100,45,55,52,97,102,45,52,55,54,55,45,98,102,57,99,45,55,49,53,52,97,49,50,99,101,101,52,99]}],"x-request-id":["7c0b9b7d-74af-4767-bf9c-7154a12cee4c"]}}

16 янв. 02:49:02.734
[YDB Query Error]: Unexpected transport error code 16! Error itself: {"code":16,"details":"authentication header is missing","metadata":{"content-type":["application/grpc"],"grpc-status-details-bin":[{"type":"Buffer","data":[8,16,18,32,97,117,116,104,101,110,116,105,99,97,116,105,111,110,32,104,101,97,100,101,114,32,105,115,32,109,105,115,115,105,110,103,26,84,10,42,116,121,112,101,46,103,111,111,103,108,101,97,112,105,115,46,99,111,109,47,103,111,111,103,108,101,46,114,112,99,46,82,101,113,117,101,115,116,73,110,102,111,18,38,10,36,55,99,48,98,57,98,55,100,45,55,52,97,102,45,52,55,54,55,45,98,102,57,99,45,55,49,53,52,97,49,50,99,101,101,52,99]}],"x-request-id":["7c0b9b7d-74af-4767-bf9c-7154a12cee4c"]}}

16 янв. 02:49:02.732
[YDB Query Error]: Unexpected transport error code 16! Error itself: {"code":16,"details":"authentication header is missing","metadata":{"content-type":["application/grpc"],"grpc-status-details-bin":[{"type":"Buffer","data":[8,16,18,32,97,117,116,104,101,110,116,105,99,97,116,105,111,110,32,104,101,97,100,101,114,32,105,115,32,109,105,115,115,105,110,103,26,84,10,42,116,121,112,101,46,103,111,111,103,108,101,97,112,105,115,46,99,111,109,47,103,111,111,103,108,101,46,114,112,99,46,82,101,113,117,101,115,116,73,110,102,111,18,38,10,36,55,99,48,98,57,98,55,100,45,55,52,97,102,45,52,55,54,55,45,98,102,57,99,45,55,49,53,52,97,49,50,99,101,101,52,99]}],"x-request-id":["7c0b9b7d-74af-4767-bf9c-7154a12cee4c"]}}

16 янв. 02:49:02.732
[YDB Query Error]: Unexpected transport error code 16! Error itself: {"code":16,"details":"authentication header is missing","metadata":{"content-type":["application/grpc"],"grpc-status-details-bin":[{"type":"Buffer","data":[8,16,18,32,97,117,116,104,101,110,116,105,99,97,116,105,111,110,32,104,101,97,100,101,114,32,105,115,32,109,105,115,115,105,110,103,26,84,10,42,116,121,112,101,46,103,111,111,103,108,101,97,112,105,115,46,99,111,109,47,103,111,111,103,108,101,46,114,112,99,46,82,101,113,117,101,115,116,73,110,102,111,18,38,10,36,55,99,48,98,57,98,55,100,45,55,52,97,102,45,52,55,54,55,45,98,102,57,99,45,55,49,53,52,97,49,50,99,101,101,52,99]}],"x-request-id":["7c0b9b7d-74af-4767-bf9c-7154a12cee4c"]}}

16 янв. 02:49:02.732
[YDB Query Error]: Unexpected transport error code 16! Error itself: {"code":16,"details":"authentication header is missing","metadata":{"content-type":["application/grpc"],"grpc-status-details-bin":[{"type":"Buffer","data":[8,16,18,32,97,117,116,104,101,110,116,105,99,97,116,105,111,110,32,104,101,97,100,101,114,32,105,115,32,109,105,115,115,105,110,103,26,84,10,42,116,121,112,101,46,103,111,111,103,108,101,97,112,105,115,46,99,111,109,47,103,111,111,103,108,101,46,114,112,99,46,82,101,113,117,101,115,116,73,110,102,111,18,38,10,36,55,99,48,98,57,98,55,100,45,55,52,97,102,45,52,55,54,55,45,98,102,57,99,45,55,49,53,52,97,49,50,99,101,101,52,99]}],"x-request-id":["7c0b9b7d-74af-4767-bf9c-7154a12cee4c"]}}

16 янв. 02:49:02.712
[YDB Query Error]: Unexpected transport error code 16! Error itself: {"code":16,"details":"authentication header is missing","metadata":{"content-type":["application/grpc"],"grpc-status-details-bin":[{"type":"Buffer","data":[8,16,18,32,97,117,116,104,101,110,116,105,99,97,116,105,111,110,32,104,101,97,100,101,114,32,105,115,32,109,105,115,115,105,110,103,26,84,10,42,116,121,112,101,46,103,111,111,103,108,101,97,112,105,115,46,99,111,109,47,103,111,111,103,108,101,46,114,112,99,46,82,101,113,117,101,115,116,73,110,102,111,18,38,10,36,55,99,48,98,57,98,55,100,45,55,52,97,102,45,52,55,54,55,45,98,102,57,99,45,55,49,53,52,97,49,50,99,101,101,52,99]}],"x-request-id":["7c0b9b7d-74af-4767-bf9c-7154a12cee4c"]}}

16 янв. 02:49:02.712
[YDB Query Error]: Unexpected transport error code 16! Error itself: {"code":16,"details":"authentication header is missing","metadata":{"content-type":["application/grpc"],"grpc-status-details-bin":[{"type":"Buffer","data":[8,16,18,32,97,117,116,104,101,110,116,105,99,97,116,105,111,110,32,104,101,97,100,101,114,32,105,115,32,109,105,115,115,105,110,103,26,84,10,42,116,121,112,101,46,103,111,111,103,108,101,97,112,105,115,46,99,111,109,47,103,111,111,103,108,101,46,114,112,99,46,82,101,113,117,101,115,116,73,110,102,111,18,38,10,36,55,99,48,98,57,98,55,100,45,55,52,97,102,45,52,55,54,55,45,98,102,57,99,45,55,49,53,52,97,49,50,99,101,101,52,99]}],"x-request-id":["7c0b9b7d-74af-4767-bf9c-7154a12cee4c"]}}

16 янв. 02:49:02.712
[YDB Query Error]: Unexpected transport error code 16! Error itself: {"code":16,"details":"authentication header is missing","metadata":{"content-type":["application/grpc"],"grpc-status-details-bin":[{"type":"Buffer","data":[8,16,18,32,97,117,116,104,101,110,116,105,99,97,116,105,111,110,32,104,101,97,100,101,114,32,105,115,32,109,105,115,115,105,110,103,26,84,10,42,116,121,112,101,46,103,111,111,103,108,101,97,112,105,115,46,99,111,109,47,103,111,111,103,108,101,46,114,112,99,46,82,101,113,117,101,115,116,73,110,102,111,18,38,10,36,55,99,48,98,57,98,55,100,45,55,52,97,102,45,52,55,54,55,45,98,102,57,99,45,55,49,53,52,97,49,50,99,101,101,52,99]}],"x-request-id":["7c0b9b7d-74af-4767-bf9c-7154a12cee4c"]}}

16 янв. 02:49:02.711
[YDB Query Error]: Unexpected transport error code 16! Error itself: {"code":16,"details":"authentication header is missing","metadata":{"content-type":["application/grpc"],"grpc-status-details-bin":[{"type":"Buffer","data":[8,16,18,32,97,117,116,104,101,110,116,105,99,97,116,105,111,110,32,104,101,97,100,101,114,32,105,115,32,109,105,115,115,105,110,103,26,84,10,42,116,121,112,101,46,103,111,111,103,108,101,97,112,105,115,46,99,111,109,47,103,111,111,103,108,101,46,114,112,99,46,82,101,113,117,101,115,116,73,110,102,111,18,38,10,36,55,99,48,98,57,98,55,100,45,55,52,97,102,45,52,55,54,55,45,98,102,57,99,45,55,49,53,52,97,49,50,99,101,101,52,99]}],"x-request-id":["7c0b9b7d-74af-4767-bf9c-7154a12cee4c"]}}

16 янв. 02:49:02.711
[YDB Query Error]: Unexpected transport error code 16! Error itself: {"code":16,"details":"authentication header is missing","metadata":{"content-type":["application/grpc"],"grpc-status-details-bin":[{"type":"Buffer","data":[8,16,18,32,97,117,116,104,101,110,116,105,99,97,116,105,111,110,32,104,101,97,100,101,114,32,105,115,32,109,105,115,115,105,110,103,26,84,10,42,116,121,112,101,46,103,111,111,103,108,101,97,112,105,115,46,99,111,109,47,103,111,111,103,108,101,46,114,112,99,46,82,101,113,117,101,115,116,73,110,102,111,18,38,10,36,55,99,48,98,57,98,55,100,45,55,52,97,102,45,52,55,54,55,45,98,102,57,99,45,55,49,53,52,97,49,50,99,101,101,52,99]}],"x-request-id":["7c0b9b7d-74af-4767-bf9c-7154a12cee4c"]}}

16 янв. 02:49:02.711
[YDB Query Error]: Unexpected transport error code 16! Error itself: {"code":16,"details":"authentication header is missing","metadata":{"content-type":["application/grpc"],"grpc-status-details-bin":[{"type":"Buffer","data":[8,16,18,32,97,117,116,104,101,110,116,105,99,97,116,105,111,110,32,104,101,97,100,101,114,32,105,115,32,109,105,115,115,105,110,103,26,84,10,42,116,121,112,101,46,103,111,111,103,108,101,97,112,105,115,46,99,111,109,47,103,111,111,103,108,101,46,114,112,99,46,82,101,113,117,101,115,116,73,110,102,111,18,38,10,36,55,99,48,98,57,98,55,100,45,55,52,97,102,45,52,55,54,55,45,98,102,57,99,45,55,49,53,52,97,49,50,99,101,101,52,99]}],"x-request-id":["7c0b9b7d-74af-4767-bf9c-7154a12cee4c"]}}

16 янв. 02:49:02.711
[YDB Query Error]: Unexpected transport error code 16! Error itself: {"code":16,"details":"authentication header is missing","metadata":{"content-type":["application/grpc"],"grpc-status-details-bin":[{"type":"Buffer","data":[8,16,18,32,97,117,116,104,101,110,116,105,99,97,116,105,111,110,32,104,101,97,100,101,114,32,105,115,32,109,105,115,115,105,110,103,26,84,10,42,116,121,112,101,46,103,111,111,103,108,101,97,112,105,115,46,99,111,109,47,103,111,111,103,108,101,46,114,112,99,46,82,101,113,117,101,115,116,73,110,102,111,18,38,10,36,55,99,48,98,57,98,55,100,45,55,52,97,102,45,52,55,54,55,45,98,102,57,99,45,55,49,53,52,97,49,50,99,101,101,52,99]}],"x-request-id":["7c0b9b7d-74af-4767-bf9c-7154a12cee4c"]}}

16 янв. 02:49:02.711
[YDB Query Error]: Unexpected transport error code 16! Error itself: {"code":16,"details":"authentication header is missing","metadata":{"content-type":["application/grpc"],"grpc-status-details-bin":[{"type":"Buffer","data":[8,16,18,32,97,117,116,104,101,110,116,105,99,97,116,105,111,110,32,104,101,97,100,101,114,32,105,115,32,109,105,115,115,105,110,103,26,84,10,42,116,121,112,101,46,103,111,111,103,108,101,97,112,105,115,46,99,111,109,47,103,111,111,103,108,101,46,114,112,99,46,82,101,113,117,101,115,116,73,110,102,111,18,38,10,36,55,99,48,98,57,98,55,100,45,55,52,97,102,45,52,55,54,55,45,98,102,57,99,45,55,49,53,52,97,49,50,99,101,101,52,99]}],"x-request-id":["7c0b9b7d-74af-4767-bf9c-7154a12cee4c"]}}

16 янв. 02:49:02.711
[YDB Query Error]: Unexpected transport error code 16! Error itself: {"code":16,"details":"authentication header is missing","metadata":{"content-type":["application/grpc"],"grpc-status-details-bin":[{"type":"Buffer","data":[8,16,18,32,97,117,116,104,101,110,116,105,99,97,116,105,111,110,32,104,101,97,100,101,114,32,105,115,32,109,105,115,115,105,110,103,26,84,10,42,116,121,112,101,46,103,111,111,103,108,101,97,112,105,115,46,99,111,109,47,103,111,111,103,108,101,46,114,112,99,46,82,101,113,117,101,115,116,73,110,102,111,18,38,10,36,55,99,48,98,57,98,55,100,45,55,52,97,102,45,52,55,54,55,45,98,102,57,99,45,55,49,53,52,97,49,50,99,101,101,52,99]}],"x-request-id":["7c0b9b7d-74af-4767-bf9c-7154a12cee4c"]}}

16 янв. 02:49:02.711
[YDB Query Error]: Unexpected transport error code 16! Error itself: {"code":16,"details":"authentication header is missing","metadata":{"content-type":["application/grpc"],"grpc-status-details-bin":[{"type":"Buffer","data":[8,16,18,32,97,117,116,104,101,110,116,105,99,97,116,105,111,110,32,104,101,97,100,101,114,32,105,115,32,109,105,115,115,105,110,103,26,84,10,42,116,121,112,101,46,103,111,111,103,108,101,97,112,105,115,46,99,111,109,47,103,111,111,103,108,101,46,114,112,99,46,82,101,113,117,101,115,116,73,110,102,111,18,38,10,36,55,99,48,98,57,98,55,100,45,55,52,97,102,45,52,55,54,55,45,98,102,57,99,45,55,49,53,52,97,49,50,99,101,101,52,99]}],"x-request-id":["7c0b9b7d-74af-4767-bf9c-7154a12cee4c"]}}

16 янв. 02:49:02.711
[YDB Query Error]: Unexpected transport error code 16! Error itself: {"code":16,"details":"authentication header is missing","metadata":{"content-type":["application/grpc"],"grpc-status-details-bin":[{"type":"Buffer","data":[8,16,18,32,97,117,116,104,101,110,116,105,99,97,116,105,111,110,32,104,101,97,100,101,114,32,105,115,32,109,105,115,115,105,110,103,26,84,10,42,116,121,112,101,46,103,111,111,103,108,101,97,112,105,115,46,99,111,109,47,103,111,111,103,108,101,46,114,112,99,46,82,101,113,117,101,115,116,73,110,102,111,18,38,10,36,55,99,48,98,57,98,55,100,45,55,52,97,102,45,52,55,54,55,45,98,102,57,99,45,55,49,53,52,97,49,50,99,101,101,52,99]}],"x-request-id":["7c0b9b7d-74af-4767-bf9c-7154a12cee4c"]}}

16 янв. 02:49:02.711
[YDB Query Error]: Unexpected transport error code 16! Error itself: {"code":16,"details":"authentication header is missing","metadata":{"content-type":["application/grpc"],"grpc-status-details-bin":[{"type":"Buffer","data":[8,16,18,32,97,117,116,104,101,110,116,105,99,97,116,105,111,110,32,104,101,97,100,101,114,32,105,115,32,109,105,115,115,105,110,103,26,84,10,42,116,121,112,101,46,103,111,111,103,108,101,97,112,105,115,46,99,111,109,47,103,111,111,103,108,101,46,114,112,99,46,82,101,113,117,101,115,116,73,110,102,111,18,38,10,36,55,99,48,98,57,98,55,100,45,55,52,97,102,45,52,55,54,55,45,98,102,57,99,45,55,49,53,52,97,49,50,99,101,101,52,99]}],"x-request-id":["7c0b9b7d-74af-4767-bf9c-7154a12cee4c"]}}

16 янв. 02:49:02.711
[YDB Query Error]: Unexpected transport error code 16! Error itself: {"code":16,"details":"authentication header is missing","metadata":{"content-type":["application/grpc"],"grpc-status-details-bin":[{"type":"Buffer","data":[8,16,18,32,97,117,116,104,101,110,116,105,99,97,116,105,111,110,32,104,101,97,100,101,114,32,105,115,32,109,105,115,115,105,110,103,26,84,10,42,116,121,112,101,46,103,111,111,103,108,101,97,112,105,115,46,99,111,109,47,103,111,111,103,108,101,46,114,112,99,46,82,101,113,117,101,115,116,73,110,102,111,18,38,10,36,55,99,48,98,57,98,55,100,45,55,52,97,102,45,52,55,54,55,45,98,102,57,99,45,55,49,53,52,97,49,50,99,101,101,52,99]}],"x-request-id":["7c0b9b7d-74af-4767-bf9c-7154a12cee4c"]}}

16 янв. 02:49:02.711
[YDB Query Error]: Unexpected transport error code 16! Error itself: {"code":16,"details":"authentication header is missing","metadata":{"content-type":["application/grpc"],"grpc-status-details-bin":[{"type":"Buffer","data":[8,16,18,32,97,117,116,104,101,110,116,105,99,97,116,105,111,110,32,104,101,97,100,101,114,32,105,115,32,109,105,115,115,105,110,103,26,84,10,42,116,121,112,101,46,103,111,111,103,108,101,97,112,105,115,46,99,111,109,47,103,111,111,103,108,101,46,114,112,99,46,82,101,113,117,101,115,116,73,110,102,111,18,38,10,36,55,99,48,98,57,98,55,100,45,55,52,97,102,45,52,55,54,55,45,98,102,57,99,45,55,49,53,52,97,49,50,99,101,101,52,99]}],"x-request-id":["7c0b9b7d-74af-4767-bf9c-7154a12cee4c"]}}

16 янв. 02:49:02.711
[YDB Query Error]: Unexpected transport error code 16! Error itself: {"code":16,"details":"authentication header is missing","metadata":{"content-type":["application/grpc"],"grpc-status-details-bin":[{"type":"Buffer","data":[8,16,18,32,97,117,116,104,101,110,116,105,99,97,116,105,111,110,32,104,101,97,100,101,114,32,105,115,32,109,105,115,115,105,110,103,26,84,10,42,116,121,112,101,46,103,111,111,103,108,101,97,112,105,115,46,99,111,109,47,103,111,111,103,108,101,46,114,112,99,46,82,101,113,117,101,115,116,73,110,102,111,18,38,10,36,55,99,48,98,57,98,55,100,45,55,52,97,102,45,52,55,54,55,45,98,102,57,99,45,55,49,53,52,97,49,50,99,101,101,52,99]}],"x-request-id":["7c0b9b7d-74af-4767-bf9c-7154a12cee4c"]}}

16 янв. 02:49:02.711
[YDB Query Error]: Unexpected transport error code 16! Error itself: {"code":16,"details":"authentication header is missing","metadata":{"content-type":["application/grpc"],"grpc-status-details-bin":[{"type":"Buffer","data":[8,16,18,32,97,117,116,104,101,110,116,105,99,97,116,105,111,110,32,104,101,97,100,101,114,32,105,115,32,109,105,115,115,105,110,103,26,84,10,42,116,121,112,101,46,103,111,111,103,108,101,97,112,105,115,46,99,111,109,47,103,111,111,103,108,101,46,114,112,99,46,82,101,113,117,101,115,116,73,110,102,111,18,38,10,36,55,99,48,98,57,98,55,100,45,55,52,97,102,45,52,55,54,55,45,98,102,57,99,45,55,49,53,52,97,49,50,99,101,101,52,99]}],"x-request-id":["7c0b9b7d-74af-4767-bf9c-7154a12cee4c"]}}

16 янв. 02:49:02.711
[YDB Query Error]: Unexpected transport error code 16! Error itself: {"code":16,"details":"authentication header is missing","metadata":{"content-type":["application/grpc"],"grpc-status-details-bin":[{"type":"Buffer","data":[8,16,18,32,97,117,116,104,101,110,116,105,99,97,116,105,111,110,32,104,101,97,100,101,114,32,105,115,32,109,105,115,115,105,110,103,26,84,10,42,116,121,112,101,46,103,111,111,103,108,101,97,112,105,115,46,99,111,109,47,103,111,111,103,108,101,46,114,112,99,46,82,101,113,117,101,115,116,73,110,102,111,18,38,10,36,55,99,48,98,57,98,55,100,45,55,52,97,102,45,52,55,54,55,45,98,102,57,99,45,55,49,53,52,97,49,50,99,101,101,52,99]}],"x-request-id":["7c0b9b7d-74af-4767-bf9c-7154a12cee4c"]}}

16 янв. 02:49:02.711
[YDB Query Error]: Unexpected transport error code 16! Error itself: {"code":16,"details":"authentication header is missing","metadata":{"content-type":["application/grpc"],"grpc-status-details-bin":[{"type":"Buffer","data":[8,16,18,32,97,117,116,104,101,110,116,105,99,97,116,105,111,110,32,104,101,97,100,101,114,32,105,115,32,109,105,115,115,105,110,103,26,84,10,42,116,121,112,101,46,103,111,111,103,108,101,97,112,105,115,46,99,111,109,47,103,111,111,103,108,101,46,114,112,99,46,82,101,113,117,101,115,116,73,110,102,111,18,38,10,36,55,99,48,98,57,98,55,100,45,55,52,97,102,45,52,55,54,55,45,98,102,57,99,45,55,49,53,52,97,49,50,99,101,101,52,99]}],"x-request-id":["7c0b9b7d-74af-4767-bf9c-7154a12cee4c"]}}

16 янв. 02:49:02.711
[YDB Query Error]: Unexpected transport error code 16! Error itself: {"code":16,"details":"authentication header is missing","metadata":{"content-type":["application/grpc"],"grpc-status-details-bin":[{"type":"Buffer","data":[8,16,18,32,97,117,116,104,101,110,116,105,99,97,116,105,111,110,32,104,101,97,100,101,114,32,105,115,32,109,105,115,115,105,110,103,26,84,10,42,116,121,112,101,46,103,111,111,103,108,101,97,112,105,115,46,99,111,109,47,103,111,111,103,108,101,46,114,112,99,46,82,101,113,117,101,115,116,73,110,102,111,18,38,10,36,55,99,48,98,57,98,55,100,45,55,52,97,102,45,52,55,54,55,45,98,102,57,99,45,55,49,53,52,97,49,50,99,101,101,52,99]}],"x-request-id":["7c0b9b7d-74af-4767-bf9c-7154a12cee4c"]}}

16 янв. 02:49:02.711
[YDB Query Error]: Unexpected transport error code 16! Error itself: {"code":16,"details":"authentication header is missing","metadata":{"content-type":["application/grpc"],"grpc-status-details-bin":[{"type":"Buffer","data":[8,16,18,32,97,117,116,104,101,110,116,105,99,97,116,105,111,110,32,104,101,97,100,101,114,32,105,115,32,109,105,115,115,105,110,103,26,84,10,42,116,121,112,101,46,103,111,111,103,108,101,97,112,105,115,46,99,111,109,47,103,111,111,103,108,101,46,114,112,99,46,82,101,113,117,101,115,116,73,110,102,111,18,38,10,36,55,99,48,98,57,98,55,100,45,55,52,97,102,45,52,55,54,55,45,98,102,57,99,45,55,49,53,52,97,49,50,99,101,101,52,99]}],"x-request-id":["7c0b9b7d-74af-4767-bf9c-7154a12cee4c"]}}

16 янв. 02:49:02.711
[YDB Query Error]: Unexpected transport error code 16! Error itself: {"code":16,"details":"authentication header is missing","metadata":{"content-type":["application/grpc"],"grpc-status-details-bin":[{"type":"Buffer","data":[8,16,18,32,97,117,116,104,101,110,116,105,99,97,116,105,111,110,32,104,101,97,100,101,114,32,105,115,32,109,105,115,115,105,110,103,26,84,10,42,116,121,112,101,46,103,111,111,103,108,101,97,112,105,115,46,99,111,109,47,103,111,111,103,108,101,46,114,112,99,46,82,101,113,117,101,115,116,73,110,102,111,18,38,10,36,55,99,48,98,57,98,55,100,45,55,52,97,102,45,52,55,54,55,45,98,102,57,99,45,55,49,53,52,97,49,50,99,101,101,52,99]}],"x-request-id":["7c0b9b7d-74af-4767-bf9c-7154a12cee4c"]}}

16 янв. 02:49:02.710
[YDB Query Error]: Unexpected transport error code 16! Error itself: {"code":16,"details":"authentication header is missing","metadata":{"content-type":["application/grpc"],"grpc-status-details-bin":[{"type":"Buffer","data":[8,16,18,32,97,117,116,104,101,110,116,105,99,97,116,105,111,110,32,104,101,97,100,101,114,32,105,115,32,109,105,115,115,105,110,103,26,84,10,42,116,121,112,101,46,103,111,111,103,108,101,97,112,105,115,46,99,111,109,47,103,111,111,103,108,101,46,114,112,99,46,82,101,113,117,101,115,116,73,110,102,111,18,38,10,36,55,99,48,98,57,98,55,100,45,55,52,97,102,45,52,55,54,55,45,98,102,57,99,45,55,49,53,52,97,49,50,99,101,101,52,99]}],"x-request-id":["7c0b9b7d-74af-4767-bf9c-7154a12cee4c"]}}

16 янв. 02:49:02.710
[YDB Query Error]: Unexpected transport error code 16! Error itself: {"code":16,"details":"authentication header is missing","metadata":{"content-type":["application/grpc"],"grpc-status-details-bin":[{"type":"Buffer","data":[8,16,18,32,97,117,116,104,101,110,116,105,99,97,116,105,111,110,32,104,101,97,100,101,114,32,105,115,32,109,105,115,115,105,110,103,26,84,10,42,116,121,112,101,46,103,111,111,103,108,101,97,112,105,115,46,99,111,109,47,103,111,111,103,108,101,46,114,112,99,46,82,101,113,117,101,115,116,73,110,102,111,18,38,10,36,55,99,48,98,57,98,55,100,45,55,52,97,102,45,52,55,54,55,45,98,102,57,99,45,55,49,53,52,97,49,50,99,101,101,52,99]}],"x-request-id":["7c0b9b7d-74af-4767-bf9c-7154a12cee4c"]}}

16 янв. 02:49:02.710
[YDB Query Error]: Unexpected transport error code 16! Error itself: {"code":16,"details":"authentication header is missing","metadata":{"content-type":["application/grpc"],"grpc-status-details-bin":[{"type":"Buffer","data":[8,16,18,32,97,117,116,104,101,110,116,105,99,97,116,105,111,110,32,104,101,97,100,101,114,32,105,115,32,109,105,115,115,105,110,103,26,84,10,42,116,121,112,101,46,103,111,111,103,108,101,97,112,105,115,46,99,111,109,47,103,111,111,103,108,101,46,114,112,99,46,82,101,113,117,101,115,116,73,110,102,111,18,38,10,36,55,99,48,98,57,98,55,100,45,55,52,97,102,45,52,55,54,55,45,98,102,57,99,45,55,49,53,52,97,49,50,99,101,101,52,99]}],"x-request-id":["7c0b9b7d-74af-4767-bf9c-7154a12cee4c"]}}

16 янв. 02:49:02.710
[YDB Query Error]: Unexpected transport error code 16! Error itself: {"code":16,"details":"authentication header is missing","metadata":{"content-type":["application/grpc"],"grpc-status-details-bin":[{"type":"Buffer","data":[8,16,18,32,97,117,116,104,101,110,116,105,99,97,116,105,111,110,32,104,101,97,100,101,114,32,105,115,32,109,105,115,115,105,110,103,26,84,10,42,116,121,112,101,46,103,111,111,103,108,101,97,112,105,115,46,99,111,109,47,103,111,111,103,108,101,46,114,112,99,46,82,101,113,117,101,115,116,73,110,102,111,18,38,10,36,55,99,48,98,57,98,55,100,45,55,52,97,102,45,52,55,54,55,45,98,102,57,99,45,55,49,53,52,97,49,50,99,101,101,52,99]}],"x-request-id":["7c0b9b7d-74af-4767-bf9c-7154a12cee4c"]}}

16 янв. 02:49:02.710
[YDB Query Error]: Unexpected transport error code 16! Error itself: {"code":16,"details":"authentication header is missing","metadata":{"content-type":["application/grpc"],"grpc-status-details-bin":[{"type":"Buffer","data":[8,16,18,32,97,117,116,104,101,110,116,105,99,97,116,105,111,110,32,104,101,97,100,101,114,32,105,115,32,109,105,115,115,105,110,103,26,84,10,42,116,121,112,101,46,103,111,111,103,108,101,97,112,105,115,46,99,111,109,47,103,111,111,103,108,101,46,114,112,99,46,82,101,113,117,101,115,116,73,110,102,111,18,38,10,36,55,99,48,98,57,98,55,100,45,55,52,97,102,45,52,55,54,55,45,98,102,57,99,45,55,49,53,52,97,49,50,99,101,101,52,99]}],"x-request-id":["7c0b9b7d-74af-4767-bf9c-7154a12cee4c"]}}

16 янв. 02:49:02.710
[YDB Query Error]: Unexpected transport error code 16! Error itself: {"code":16,"details":"authentication header is missing","metadata":{"content-type":["application/grpc"],"grpc-status-details-bin":[{"type":"Buffer","data":[8,16,18,32,97,117,116,104,101,110,116,105,99,97,116,105,111,110,32,104,101,97,100,101,114,32,105,115,32,109,105,115,115,105,110,103,26,84,10,42,116,121,112,101,46,103,111,111,103,108,101,97,112,105,115,46,99,111,109,47,103,111,111,103,108,101,46,114,112,99,46,82,101,113,117,101,115,116,73,110,102,111,18,38,10,36,55,99,48,98,57,98,55,100,45,55,52,97,102,45,52,55,54,55,45,98,102,57,99,45,55,49,53,52,97,49,50,99,101,101,52,99]}],"x-request-id":["7c0b9b7d-74af-4767-bf9c-7154a12cee4c"]}}

16 янв. 02:49:02.710
[YDB Query Error]: Unexpected transport error code 16! Error itself: {"code":16,"details":"authentication header is missing","metadata":{"content-type":["application/grpc"],"grpc-status-details-bin":[{"type":"Buffer","data":[8,16,18,32,97,117,116,104,101,110,116,105,99,97,116,105,111,110,32,104,101,97,100,101,114,32,105,115,32,109,105,115,115,105,110,103,26,84,10,42,116,121,112,101,46,103,111,111,103,108,101,97,112,105,115,46,99,111,109,47,103,111,111,103,108,101,46,114,112,99,46,82,101,113,117,101,115,116,73,110,102,111,18,38,10,36,55,99,48,98,57,98,55,100,45,55,52,97,102,45,52,55,54,55,45,98,102,57,99,45,55,49,53,52,97,49,50,99,101,101,52,99]}],"x-request-id":["7c0b9b7d-74af-4767-bf9c-7154a12cee4c"]}}

16 янв. 02:49:02.710
[YDB Query Error]: Unexpected transport error code 16! Error itself: {"code":16,"details":"authentication header is missing","metadata":{"content-type":["application/grpc"],"grpc-status-details-bin":[{"type":"Buffer","data":[8,16,18,32,97,117,116,104,101,110,116,105,99,97,116,105,111,110,32,104,101,97,100,101,114,32,105,115,32,109,105,115,115,105,110,103,26,84,10,42,116,121,112,101,46,103,111,111,103,108,101,97,112,105,115,46,99,111,109,47,103,111,111,103,108,101,46,114,112,99,46,82,101,113,117,101,115,116,73,110,102,111,18,38,10,36,55,99,48,98,57,98,55,100,45,55,52,97,102,45,52,55,54,55,45,98,102,57,99,45,55,49,53,52,97,49,50,99,101,101,52,99]}],"x-request-id":["7c0b9b7d-74af-4767-bf9c-7154a12cee4c"]}}

16 янв. 02:49:02.710
[YDB Query Error]: Unexpected transport error code 16! Error itself: {"code":16,"details":"authentication header is missing","metadata":{"content-type":["application/grpc"],"grpc-status-details-bin":[{"type":"Buffer","data":[8,16,18,32,97,117,116,104,101,110,116,105,99,97,116,105,111,110,32,104,101,97,100,101,114,32,105,115,32,109,105,115,115,105,110,103,26,84,10,42,116,121,112,101,46,103,111,111,103,108,101,97,112,105,115,46,99,111,109,47,103,111,111,103,108,101,46,114,112,99,46,82,101,113,117,101,115,116,73,110,102,111,18,38,10,36,55,99,48,98,57,98,55,100,45,55,52,97,102,45,52,55,54,55,45,98,102,57,99,45,55,49,53,52,97,49,50,99,101,101,52,99]}],"x-request-id":["7c0b9b7d-74af-4767-bf9c-7154a12cee4c"]}}

16 янв. 02:49:02.710
[YDB Query Error]: Unexpected transport error code 16! Error itself: {"code":16,"details":"authentication header is missing","metadata":{"content-type":["application/grpc"],"grpc-status-details-bin":[{"type":"Buffer","data":[8,16,18,32,97,117,116,104,101,110,116,105,99,97,116,105,111,110,32,104,101,97,100,101,114,32,105,115,32,109,105,115,115,105,110,103,26,84,10,42,116,121,112,101,46,103,111,111,103,108,101,97,112,105,115,46,99,111,109,47,103,111,111,103,108,101,46,114,112,99,46,82,101,113,117,101,115,116,73,110,102,111,18,38,10,36,55,99,48,98,57,98,55,100,45,55,52,97,102,45,52,55,54,55,45,98,102,57,99,45,55,49,53,52,97,49,50,99,101,101,52,99]}],"x-request-id":["7c0b9b7d-74af-4767-bf9c-7154a12cee4c"]}}

16 янв. 02:49:02.710
[YDB Query Error]: Unexpected transport error code 16! Error itself: {"code":16,"details":"authentication header is missing","metadata":{"content-type":["application/grpc"],"grpc-status-details-bin":[{"type":"Buffer","data":[8,16,18,32,97,117,116,104,101,110,116,105,99,97,116,105,111,110,32,104,101,97,100,101,114,32,105,115,32,109,105,115,115,105,110,103,26,84,10,42,116,121,112,101,46,103,111,111,103,108,101,97,112,105,115,46,99,111,109,47,103,111,111,103,108,101,46,114,112,99,46,82,101,113,117,101,115,116,73,110,102,111,18,38,10,36,55,99,48,98,57,98,55,100,45,55,52,97,102,45,52,55,54,55,45,98,102,57,99,45,55,49,53,52,97,49,50,99,101,101,52,99]}],"x-request-id":["7c0b9b7d-74af-4767-bf9c-7154a12cee4c"]}}

16 янв. 02:49:02.710
[YDB Query Error]: Unexpected transport error code 16! Error itself: {"code":16,"details":"authentication header is missing","metadata":{"content-type":["application/grpc"],"grpc-status-details-bin":[{"type":"Buffer","data":[8,16,18,32,97,117,116,104,101,110,116,105,99,97,116,105,111,110,32,104,101,97,100,101,114,32,105,115,32,109,105,115,115,105,110,103,26,84,10,42,116,121,112,101,46,103,111,111,103,108,101,97,112,105,115,46,99,111,109,47,103,111,111,103,108,101,46,114,112,99,46,82,101,113,117,101,115,116,73,110,102,111,18,38,10,36,55,99,48,98,57,98,55,100,45,55,52,97,102,45,52,55,54,55,45,98,102,57,99,45,55,49,53,52,97,49,50,99,101,101,52,99]}],"x-request-id":["7c0b9b7d-74af-4767-bf9c-7154a12cee4c"]}}

16 янв. 02:49:02.710
[YDB Query Error]: Unexpected transport error code 16! Error itself: {"code":16,"details":"authentication header is missing","metadata":{"content-type":["application/grpc"],"grpc-status-details-bin":[{"type":"Buffer","data":[8,16,18,32,97,117,116,104,101,110,116,105,99,97,116,105,111,110,32,104,101,97,100,101,114,32,105,115,32,109,105,115,115,105,110,103,26,84,10,42,116,121,112,101,46,103,111,111,103,108,101,97,112,105,115,46,99,111,109,47,103,111,111,103,108,101,46,114,112,99,46,82,101,113,117,101,115,116,73,110,102,111,18,38,10,36,55,99,48,98,57,98,55,100,45,55,52,97,102,45,52,55,54,55,45,98,102,57,99,45,55,49,53,52,97,49,50,99,101,101,52,99]}],"x-request-id":["7c0b9b7d-74af-4767-bf9c-7154a12cee4c"]}}

16 янв. 02:49:02.710
[YDB Query Error]: Unexpected transport error code 16! Error itself: {"code":16,"details":"authentication header is missing","metadata":{"content-type":["application/grpc"],"grpc-status-details-bin":[{"type":"Buffer","data":[8,16,18,32,97,117,116,104,101,110,116,105,99,97,116,105,111,110,32,104,101,97,100,101,114,32,105,115,32,109,105,115,115,105,110,103,26,84,10,42,116,121,112,101,46,103,111,111,103,108,101,97,112,105,115,46,99,111,109,47,103,111,111,103,108,101,46,114,112,99,46,82,101,113,117,101,115,116,73,110,102,111,18,38,10,36,55,99,48,98,57,98,55,100,45,55,52,97,102,45,52,55,54,55,45,98,102,57,99,45,55,49,53,52,97,49,50,99,101,101,52,99]}],"x-request-id":["7c0b9b7d-74af-4767-bf9c-7154a12cee4c"]}}

16 янв. 02:49:02.710
[YDB Query Error]: Unexpected transport error code 16! Error itself: {"code":16,"details":"authentication header is missing","metadata":{"content-type":["application/grpc"],"grpc-status-details-bin":[{"type":"Buffer","data":[8,16,18,32,97,117,116,104,101,110,116,105,99,97,116,105,111,110,32,104,101,97,100,101,114,32,105,115,32,109,105,115,115,105,110,103,26,84,10,42,116,121,112,101,46,103,111,111,103,108,101,97,112,105,115,46,99,111,109,47,103,111,111,103,108,101,46,114,112,99,46,82,101,113,117,101,115,116,73,110,102,111,18,38,10,36,55,99,48,98,57,98,55,100,45,55,52,97,102,45,52,55,54,55,45,98,102,57,99,45,55,49,53,52,97,49,50,99,101,101,52,99]}],"x-request-id":["7c0b9b7d-74af-4767-bf9c-7154a12cee4c"]}}

16 янв. 02:49:02.710
[YDB Query Error]: Unexpected transport error code 16! Error itself: {"code":16,"details":"authentication header is missing","metadata":{"content-type":["application/grpc"],"grpc-status-details-bin":[{"type":"Buffer","data":[8,16,18,32,97,117,116,104,101,110,116,105,99,97,116,105,111,110,32,104,101,97,100,101,114,32,105,115,32,109,105,115,115,105,110,103,26,84,10,42,116,121,112,101,46,103,111,111,103,108,101,97,112,105,115,46,99,111,109,47,103,111,111,103,108,101,46,114,112,99,46,82,101,113,117,101,115,116,73,110,102,111,18,38,10,36,55,99,48,98,57,98,55,100,45,55,52,97,102,45,52,55,54,55,45,98,102,57,99,45,55,49,53,52,97,49,50,99,101,101,52,99]}],"x-request-id":["7c0b9b7d-74af-4767-bf9c-7154a12cee4c"]}}

16 янв. 02:49:02.709
[YDB Query Error]: Unexpected transport error code 16! Error itself: {"code":16,"details":"authentication header is missing","metadata":{"content-type":["application/grpc"],"grpc-status-details-bin":[{"type":"Buffer","data":[8,16,18,32,97,117,116,104,101,110,116,105,99,97,116,105,111,110,32,104,101,97,100,101,114,32,105,115,32,109,105,115,115,105,110,103,26,84,10,42,116,121,112,101,46,103,111,111,103,108,101,97,112,105,115,46,99,111,109,47,103,111,111,103,108,101,46,114,112,99,46,82,101,113,117,101,115,116,73,110,102,111,18,38,10,36,55,99,48,98,57,98,55,100,45,55,52,97,102,45,52,55,54,55,45,98,102,57,99,45,55,49,53,52,97,49,50,99,101,101,52,99]}],"x-request-id":["7c0b9b7d-74af-4767-bf9c-7154a12cee4c"]}}

16 янв. 02:49:02.708
[YDB Query Error]: Unexpected transport error code 16! Error itself: {"code":16,"details":"authentication header is missing","metadata":{"content-type":["application/grpc"],"grpc-status-details-bin":[{"type":"Buffer","data":[8,16,18,32,97,117,116,104,101,110,116,105,99,97,116,105,111,110,32,104,101,97,100,101,114,32,105,115,32,109,105,115,115,105,110,103,26,84,10,42,116,121,112,101,46,103,111,111,103,108,101,97,112,105,115,46,99,111,109,47,103,111,111,103,108,101,46,114,112,99,46,82,101,113,117,101,115,116,73,110,102,111,18,38,10,36,55,99,48,98,57,98,55,100,45,55,52,97,102,45,52,55,54,55,45,98,102,57,99,45,55,49,53,52,97,49,50,99,101,101,52,99]}],"x-request-id":["7c0b9b7d-74af-4767-bf9c-7154a12cee4c"]}}

16 янв. 02:49:02.708
[YDB Query Error]: Unexpected transport error code 16! Error itself: {"code":16,"details":"authentication header is missing","metadata":{"content-type":["application/grpc"],"grpc-status-details-bin":[{"type":"Buffer","data":[8,16,18,32,97,117,116,104,101,110,116,105,99,97,116,105,111,110,32,104,101,97,100,101,114,32,105,115,32,109,105,115,115,105,110,103,26,84,10,42,116,121,112,101,46,103,111,111,103,108,101,97,112,105,115,46,99,111,109,47,103,111,111,103,108,101,46,114,112,99,46,82,101,113,117,101,115,116,73,110,102,111,18,38,10,36,55,99,48,98,57,98,55,100,45,55,52,97,102,45,52,55,54,55,45,98,102,57,99,45,55,49,53,52,97,49,50,99,101,101,52,99]}],"x-request-id":["7c0b9b7d-74af-4767-bf9c-7154a12cee4c"]}}

16 янв. 02:49:02.708
[YDB Query Error]: Unexpected transport error code 16! Error itself: {"code":16,"details":"authentication header is missing","metadata":{"content-type":["application/grpc"],"grpc-status-details-bin":[{"type":"Buffer","data":[8,16,18,32,97,117,116,104,101,110,116,105,99,97,116,105,111,110,32,104,101,97,100,101,114,32,105,115,32,109,105,115,115,105,110,103,26,84,10,42,116,121,112,101,46,103,111,111,103,108,101,97,112,105,115,46,99,111,109,47,103,111,111,103,108,101,46,114,112,99,46,82,101,113,117,101,115,116,73,110,102,111,18,38,10,36,55,99,48,98,57,98,55,100,45,55,52,97,102,45,52,55,54,55,45,98,102,57,99,45,55,49,53,52,97,49,50,99,101,101,52,99]}],"x-request-id":["7c0b9b7d-74af-4767-bf9c-7154a12cee4c"]}}

16 янв. 02:49:02.707
[YDB Query Error]: Unexpected transport error code 16! Error itself: {"code":16,"details":"authentication header is missing","metadata":{"content-type":["application/grpc"],"grpc-status-details-bin":[{"type":"Buffer","data":[8,16,18,32,97,117,116,104,101,110,116,105,99,97,116,105,111,110,32,104,101,97,100,101,114,32,105,115,32,109,105,115,115,105,110,103,26,84,10,42,116,121,112,101,46,103,111,111,103,108,101,97,112,105,115,46,99,111,109,47,103,111,111,103,108,101,46,114,112,99,46,82,101,113,117,101,115,116,73,110,102,111,18,38,10,36,55,99,48,98,57,98,55,100,45,55,52,97,102,45,52,55,54,55,45,98,102,57,99,45,55,49,53,52,97,49,50,99,101,101,52,99]}],"x-request-id":["7c0b9b7d-74af-4767-bf9c-7154a12cee4c"]}}

16 янв. 02:49:02.707
[YDB Query Error]: Unexpected transport error code 16! Error itself: {"code":16,"details":"authentication header is missing","metadata":{"content-type":["application/grpc"],"grpc-status-details-bin":[{"type":"Buffer","data":[8,16,18,32,97,117,116,104,101,110,116,105,99,97,116,105,111,110,32,104,101,97,100,101,114,32,105,115,32,109,105,115,115,105,110,103,26,84,10,42,116,121,112,101,46,103,111,111,103,108,101,97,112,105,115,46,99,111,109,47,103,111,111,103,108,101,46,114,112,99,46,82,101,113,117,101,115,116,73,110,102,111,18,38,10,36,55,99,48,98,57,98,55,100,45,55,52,97,102,45,52,55,54,55,45,98,102,57,99,45,55,49,53,52,97,49,50,99,101,101,52,99]}],"x-request-id":["7c0b9b7d-74af-4767-bf9c-7154a12cee4c"]}}

16 янв. 02:49:02.707
[YDB Query Error]: Unexpected transport error code 16! Error itself: {"code":16,"details":"authentication header is missing","metadata":{"content-type":["application/grpc"],"grpc-status-details-bin":[{"type":"Buffer","data":[8,16,18,32,97,117,116,104,101,110,116,105,99,97,116,105,111,110,32,104,101,97,100,101,114,32,105,115,32,109,105,115,115,105,110,103,26,84,10,42,116,121,112,101,46,103,111,111,103,108,101,97,112,105,115,46,99,111,109,47,103,111,111,103,108,101,46,114,112,99,46,82,101,113,117,101,115,116,73,110,102,111,18,38,10,36,55,99,48,98,57,98,55,100,45,55,52,97,102,45,52,55,54,55,45,98,102,57,99,45,55,49,53,52,97,49,50,99,101,101,52,99]}],"x-request-id":["7c0b9b7d-74af-4767-bf9c-7154a12cee4c"]}}

16 янв. 02:49:02.707
[YDB Query Error]: Unexpected transport error code 16! Error itself: {"code":16,"details":"authentication header is missing","metadata":{"content-type":["application/grpc"],"grpc-status-details-bin":[{"type":"Buffer","data":[8,16,18,32,97,117,116,104,101,110,116,105,99,97,116,105,111,110,32,104,101,97,100,101,114,32,105,115,32,109,105,115,115,105,110,103,26,84,10,42,116,121,112,101,46,103,111,111,103,108,101,97,112,105,115,46,99,111,109,47,103,111,111,103,108,101,46,114,112,99,46,82,101,113,117,101,115,116,73,110,102,111,18,38,10,36,55,99,48,98,57,98,55,100,45,55,52,97,102,45,52,55,54,55,45,98,102,57,99,45,55,49,53,52,97,49,50,99,101,101,52,99]}],"x-request-id":["7c0b9b7d-74af-4767-bf9c-7154a12cee4c"]}}

16 янв. 02:49:02.707
[YDB Query Error]: Unexpected transport error code 16! Error itself: {"code":16,"details":"authentication header is missing","metadata":{"content-type":["application/grpc"],"grpc-status-details-bin":[{"type":"Buffer","data":[8,16,18,32,97,117,116,104,101,110,116,105,99,97,116,105,111,110,32,104,101,97,100,101,114,32,105,115,32,109,105,115,115,105,110,103,26,84,10,42,116,121,112,101,46,103,111,111,103,108,101,97,112,105,115,46,99,111,109,47,103,111,111,103,108,101,46,114,112,99,46,82,101,113,117,101,115,116,73,110,102,111,18,38,10,36,55,99,48,98,57,98,55,100,45,55,52,97,102,45,52,55,54,55,45,98,102,57,99,45,55,49,53,52,97,49,50,99,101,101,52,99]}],"x-request-id":["7c0b9b7d-74af-4767-bf9c-7154a12cee4c"]}}

16 янв. 02:49:02.707
[YDB Query Error]: Unexpected transport error code 16! Error itself: {"code":16,"details":"authentication header is missing","metadata":{"content-type":["application/grpc"],"grpc-status-details-bin":[{"type":"Buffer","data":[8,16,18,32,97,117,116,104,101,110,116,105,99,97,116,105,111,110,32,104,101,97,100,101,114,32,105,115,32,109,105,115,115,105,110,103,26,84,10,42,116,121,112,101,46,103,111,111,103,108,101,97,112,105,115,46,99,111,109,47,103,111,111,103,108,101,46,114,112,99,46,82,101,113,117,101,115,116,73,110,102,111,18,38,10,36,55,99,48,98,57,98,55,100,45,55,52,97,102,45,52,55,54,55,45,98,102,57,99,45,55,49,53,52,97,49,50,99,101,101,52,99]}],"x-request-id":["7c0b9b7d-74af-4767-bf9c-7154a12cee4c"]}}

16 янв. 02:49:02.707
[YDB Query Error]: Unexpected transport error code 16! Error itself: {"code":16,"details":"authentication header is missing","metadata":{"content-type":["application/grpc"],"grpc-status-details-bin":[{"type":"Buffer","data":[8,16,18,32,97,117,116,104,101,110,116,105,99,97,116,105,111,110,32,104,101,97,100,101,114,32,105,115,32,109,105,115,115,105,110,103,26,84,10,42,116,121,112,101,46,103,111,111,103,108,101,97,112,105,115,46,99,111,109,47,103,111,111,103,108,101,46,114,112,99,46,82,101,113,117,101,115,116,73,110,102,111,18,38,10,36,55,99,48,98,57,98,55,100,45,55,52,97,102,45,52,55,54,55,45,98,102,57,99,45,55,49,53,52,97,49,50,99,101,101,52,99]}],"x-request-id":["7c0b9b7d-74af-4767-bf9c-7154a12cee4c"]}}

16 янв. 02:49:02.707
[YDB Query Error]: Unexpected transport error code 16! Error itself: {"code":16,"details":"authentication header is missing","metadata":{"content-type":["application/grpc"],"grpc-status-details-bin":[{"type":"Buffer","data":[8,16,18,32,97,117,116,104,101,110,116,105,99,97,116,105,111,110,32,104,101,97,100,101,114,32,105,115,32,109,105,115,115,105,110,103,26,84,10,42,116,121,112,101,46,103,111,111,103,108,101,97,112,105,115,46,99,111,109,47,103,111,111,103,108,101,46,114,112,99,46,82,101,113,117,101,115,116,73,110,102,111,18,38,10,36,55,99,48,98,57,98,55,100,45,55,52,97,102,45,52,55,54,55,45,98,102,57,99,45,55,49,53,52,97,49,50,99,101,101,52,99]}],"x-request-id":["7c0b9b7d-74af-4767-bf9c-7154a12cee4c"]}}

16 янв. 02:49:02.707
[YDB Query Error]: Unexpected transport error code 16! Error itself: {"code":16,"details":"authentication header is missing","metadata":{"content-type":["application/grpc"],"grpc-status-details-bin":[{"type":"Buffer","data":[8,16,18,32,97,117,116,104,101,110,116,105,99,97,116,105,111,110,32,104,101,97,100,101,114,32,105,115,32,109,105,115,115,105,110,103,26,84,10,42,116,121,112,101,46,103,111,111,103,108,101,97,112,105,115,46,99,111,109,47,103,111,111,103,108,101,46,114,112,99,46,82,101,113,117,101,115,116,73,110,102,111,18,38,10,36,55,99,48,98,57,98,55,100,45,55,52,97,102,45,52,55,54,55,45,98,102,57,99,45,55,49,53,52,97,49,50,99,101,101,52,99]}],"x-request-id":["7c0b9b7d-74af-4767-bf9c-7154a12cee4c"]}}

16 янв. 02:49:02.707
[YDB Query Error]: Unexpected transport error code 16! Error itself: {"code":16,"details":"authentication header is missing","metadata":{"content-type":["application/grpc"],"grpc-status-details-bin":[{"type":"Buffer","data":[8,16,18,32,97,117,116,104,101,110,116,105,99,97,116,105,111,110,32,104,101,97,100,101,114,32,105,115,32,109,105,115,115,105,110,103,26,84,10,42,116,121,112,101,46,103,111,111,103,108,101,97,112,105,115,46,99,111,109,47,103,111,111,103,108,101,46,114,112,99,46,82,101,113,117,101,115,116,73,110,102,111,18,38,10,36,55,99,48,98,57,98,55,100,45,55,52,97,102,45,52,55,54,55,45,98,102,57,99,45,55,49,53,52,97,49,50,99,101,101,52,99]}],"x-request-id":["7c0b9b7d-74af-4767-bf9c-7154a12cee4c"]}}

16 янв. 02:49:02.707
[YDB Query Error]: Unexpected transport error code 16! Error itself: {"code":16,"details":"authentication header is missing","metadata":{"content-type":["application/grpc"],"grpc-status-details-bin":[{"type":"Buffer","data":[8,16,18,32,97,117,116,104,101,110,116,105,99,97,116,105,111,110,32,104,101,97,100,101,114,32,105,115,32,109,105,115,115,105,110,103,26,84,10,42,116,121,112,101,46,103,111,111,103,108,101,97,112,105,115,46,99,111,109,47,103,111,111,103,108,101,46,114,112,99,46,82,101,113,117,101,115,116,73,110,102,111,18,38,10,36,55,99,48,98,57,98,55,100,45,55,52,97,102,45,52,55,54,55,45,98,102,57,99,45,55,49,53,52,97,49,50,99,101,101,52,99]}],"x-request-id":["7c0b9b7d-74af-4767-bf9c-7154a12cee4c"]}}

16 янв. 02:49:02.707
[YDB Query Error]: Unexpected transport error code 16! Error itself: {"code":16,"details":"authentication header is missing","metadata":{"content-type":["application/grpc"],"grpc-status-details-bin":[{"type":"Buffer","data":[8,16,18,32,97,117,116,104,101,110,116,105,99,97,116,105,111,110,32,104,101,97,100,101,114,32,105,115,32,109,105,115,115,105,110,103,26,84,10,42,116,121,112,101,46,103,111,111,103,108,101,97,112,105,115,46,99,111,109,47,103,111,111,103,108,101,46,114,112,99,46,82,101,113,117,101,115,116,73,110,102,111,18,38,10,36,55,99,48,98,57,98,55,100,45,55,52,97,102,45,52,55,54,55,45,98,102,57,99,45,55,49,53,52,97,49,50,99,101,101,52,99]}],"x-request-id":["7c0b9b7d-74af-4767-bf9c-7154a12cee4c"]}}

16 янв. 02:49:02.707
[YDB Query Error]: Unexpected transport error code 16! Error itself: {"code":16,"details":"authentication header is missing","metadata":{"content-type":["application/grpc"],"grpc-status-details-bin":[{"type":"Buffer","data":[8,16,18,32,97,117,116,104,101,110,116,105,99,97,116,105,111,110,32,104,101,97,100,101,114,32,105,115,32,109,105,115,115,105,110,103,26,84,10,42,116,121,112,101,46,103,111,111,103,108,101,97,112,105,115,46,99,111,109,47,103,111,111,103,108,101,46,114,112,99,46,82,101,113,117,101,115,116,73,110,102,111,18,38,10,36,55,99,48,98,57,98,55,100,45,55,52,97,102,45,52,55,54,55,45,98,102,57,99,45,55,49,53,52,97,49,50,99,101,101,52,99]}],"x-request-id":["7c0b9b7d-74af-4767-bf9c-7154a12cee4c"]}}

16 янв. 02:49:02.707
[YDB Query Error]: Unexpected transport error code 16! Error itself: {"code":16,"details":"authentication header is missing","metadata":{"content-type":["application/grpc"],"grpc-status-details-bin":[{"type":"Buffer","data":[8,16,18,32,97,117,116,104,101,110,116,105,99,97,116,105,111,110,32,104,101,97,100,101,114,32,105,115,32,109,105,115,115,105,110,103,26,84,10,42,116,121,112,101,46,103,111,111,103,108,101,97,112,105,115,46,99,111,109,47,103,111,111,103,108,101,46,114,112,99,46,82,101,113,117,101,115,116,73,110,102,111,18,38,10,36,55,99,48,98,57,98,55,100,45,55,52,97,102,45,52,55,54,55,45,98,102,57,99,45,55,49,53,52,97,49,50,99,101,101,52,99]}],"x-request-id":["7c0b9b7d-74af-4767-bf9c-7154a12cee4c"]}}

16 янв. 02:49:02.707
[YDB Query Error]: Unexpected transport error code 16! Error itself: {"code":16,"details":"authentication header is missing","metadata":{"content-type":["application/grpc"],"grpc-status-details-bin":[{"type":"Buffer","data":[8,16,18,32,97,117,116,104,101,110,116,105,99,97,116,105,111,110,32,104,101,97,100,101,114,32,105,115,32,109,105,115,115,105,110,103,26,84,10,42,116,121,112,101,46,103,111,111,103,108,101,97,112,105,115,46,99,111,109,47,103,111,111,103,108,101,46,114,112,99,46,82,101,113,117,101,115,116,73,110,102,111,18,38,10,36,55,99,48,98,57,98,55,100,45,55,52,97,102,45,52,55,54,55,45,98,102,57,99,45,55,49,53,52,97,49,50,99,101,101,52,99]}],"x-request-id":["7c0b9b7d-74af-4767-bf9c-7154a12cee4c"]}}

16 янв. 02:49:02.707
[YDB Query Error]: Unexpected transport error code 16! Error itself: {"code":16,"details":"authentication header is missing","metadata":{"content-type":["application/grpc"],"grpc-status-details-bin":[{"type":"Buffer","data":[8,16,18,32,97,117,116,104,101,110,116,105,99,97,116,105,111,110,32,104,101,97,100,101,114,32,105,115,32,109,105,115,115,105,110,103,26,84,10,42,116,121,112,101,46,103,111,111,103,108,101,97,112,105,115,46,99,111,109,47,103,111,111,103,108,101,46,114,112,99,46,82,101,113,117,101,115,116,73,110,102,111,18,38,10,36,55,99,48,98,57,98,55,100,45,55,52,97,102,45,52,55,54,55,45,98,102,57,99,45,55,49,53,52,97,49,50,99,101,101,52,99]}],"x-request-id":["7c0b9b7d-74af-4767-bf9c-7154a12cee4c"]}}

16 янв. 02:49:02.707
[YDB Query Error]: Unexpected transport error code 16! Error itself: {"code":16,"details":"authentication header is missing","metadata":{"content-type":["application/grpc"],"grpc-status-details-bin":[{"type":"Buffer","data":[8,16,18,32,97,117,116,104,101,110,116,105,99,97,116,105,111,110,32,104,101,97,100,101,114,32,105,115,32,109,105,115,115,105,110,103,26,84,10,42,116,121,112,101,46,103,111,111,103,108,101,97,112,105,115,46,99,111,109,47,103,111,111,103,108,101,46,114,112,99,46,82,101,113,117,101,115,116,73,110,102,111,18,38,10,36,55,99,48,98,57,98,55,100,45,55,52,97,102,45,52,55,54,55,45,98,102,57,99,45,55,49,53,52,97,49,50,99,101,101,52,99]}],"x-request-id":["7c0b9b7d-74af-4767-bf9c-7154a12cee4c"]}}

16 янв. 02:49:02.707
[YDB Query Error]: Unexpected transport error code 16! Error itself: {"code":16,"details":"authentication header is missing","metadata":{"content-type":["application/grpc"],"grpc-status-details-bin":[{"type":"Buffer","data":[8,16,18,32,97,117,116,104,101,110,116,105,99,97,116,105,111,110,32,104,101,97,100,101,114,32,105,115,32,109,105,115,115,105,110,103,26,84,10,42,116,121,112,101,46,103,111,111,103,108,101,97,112,105,115,46,99,111,109,47,103,111,111,103,108,101,46,114,112,99,46,82,101,113,117,101,115,116,73,110,102,111,18,38,10,36,55,99,48,98,57,98,55,100,45,55,52,97,102,45,52,55,54,55,45,98,102,57,99,45,55,49,53,52,97,49,50,99,101,101,52,99]}],"x-request-id":["7c0b9b7d-74af-4767-bf9c-7154a12cee4c"]}}

16 янв. 02:49:02.707
[YDB Query Error]: Unexpected transport error code 16! Error itself: {"code":16,"details":"authentication header is missing","metadata":{"content-type":["application/grpc"],"grpc-status-details-bin":[{"type":"Buffer","data":[8,16,18,32,97,117,116,104,101,110,116,105,99,97,116,105,111,110,32,104,101,97,100,101,114,32,105,115,32,109,105,115,115,105,110,103,26,84,10,42,116,121,112,101,46,103,111,111,103,108,101,97,112,105,115,46,99,111,109,47,103,111,111,103,108,101,46,114,112,99,46,82,101,113,117,101,115,116,73,110,102,111,18,38,10,36,55,99,48,98,57,98,55,100,45,55,52,97,102,45,52,55,54,55,45,98,102,57,99,45,55,49,53,52,97,49,50,99,101,101,52,99]}],"x-request-id":["7c0b9b7d-74af-4767-bf9c-7154a12cee4c"]}}

16 янв. 02:49:02.706
[YDB Query Error]: Unexpected transport error code 16! Error itself: {"code":16,"details":"authentication header is missing","metadata":{"content-type":["application/grpc"],"grpc-status-details-bin":[{"type":"Buffer","data":[8,16,18,32,97,117,116,104,101,110,116,105,99,97,116,105,111,110,32,104,101,97,100,101,114,32,105,115,32,109,105,115,115,105,110,103,26,84,10,42,116,121,112,101,46,103,111,111,103,108,101,97,112,105,115,46,99,111,109,47,103,111,111,103,108,101,46,114,112,99,46,82,101,113,117,101,115,116,73,110,102,111,18,38,10,36,55,99,48,98,57,98,55,100,45,55,52,97,102,45,52,55,54,55,45,98,102,57,99,45,55,49,53,52,97,49,50,99,101,101,52,99]}],"x-request-id":["7c0b9b7d-74af-4767-bf9c-7154a12cee4c"]}}

16 янв. 02:49:02.706
[YDB Query Error]: Unexpected transport error code 16! Error itself: {"code":16,"details":"authentication header is missing","metadata":{"content-type":["application/grpc"],"grpc-status-details-bin":[{"type":"Buffer","data":[8,16,18,32,97,117,116,104,101,110,116,105,99,97,116,105,111,110,32,104,101,97,100,101,114,32,105,115,32,109,105,115,115,105,110,103,26,84,10,42,116,121,112,101,46,103,111,111,103,108,101,97,112,105,115,46,99,111,109,47,103,111,111,103,108,101,46,114,112,99,46,82,101,113,117,101,115,116,73,110,102,111,18,38,10,36,55,99,48,98,57,98,55,100,45,55,52,97,102,45,52,55,54,55,45,98,102,57,99,45,55,49,53,52,97,49,50,99,101,101,52,99]}],"x-request-id":["7c0b9b7d-74af-4767-bf9c-7154a12cee4c"]}}

16 янв. 02:49:02.706
[YDB Query Error]: Unexpected transport error code 16! Error itself: {"code":16,"details":"authentication header is missing","metadata":{"content-type":["application/grpc"],"grpc-status-details-bin":[{"type":"Buffer","data":[8,16,18,32,97,117,116,104,101,110,116,105,99,97,116,105,111,110,32,104,101,97,100,101,114,32,105,115,32,109,105,115,115,105,110,103,26,84,10,42,116,121,112,101,46,103,111,111,103,108,101,97,112,105,115,46,99,111,109,47,103,111,111,103,108,101,46,114,112,99,46,82,101,113,117,101,115,116,73,110,102,111,18,38,10,36,55,99,48,98,57,98,55,100,45,55,52,97,102,45,52,55,54,55,45,98,102,57,99,45,55,49,53,52,97,49,50,99,101,101,52,99]}],"x-request-id":["7c0b9b7d-74af-4767-bf9c-7154a12cee4c"]}}

16 янв. 02:49:02.706
[YDB Query Error]: Unexpected transport error code 16! Error itself: {"code":16,"details":"authentication header is missing","metadata":{"content-type":["application/grpc"],"grpc-status-details-bin":[{"type":"Buffer","data":[8,16,18,32,97,117,116,104,101,110,116,105,99,97,116,105,111,110,32,104,101,97,100,101,114,32,105,115,32,109,105,115,115,105,110,103,26,84,10,42,116,121,112,101,46,103,111,111,103,108,101,97,112,105,115,46,99,111,109,47,103,111,111,103,108,101,46,114,112,99,46,82,101,113,117,101,115,116,73,110,102,111,18,38,10,36,55,99,48,98,57,98,55,100,45,55,52,97,102,45,52,55,54,55,45,98,102,57,99,45,55,49,53,52,97,49,50,99,101,101,52,99]}],"x-request-id":["7c0b9b7d-74af-4767-bf9c-7154a12cee4c"]}}

16 янв. 02:49:02.706
[YDB Query Error]: Unexpected transport error code 16! Error itself: {"code":16,"details":"authentication header is missing","metadata":{"content-type":["application/grpc"],"grpc-status-details-bin":[{"type":"Buffer","data":[8,16,18,32,97,117,116,104,101,110,116,105,99,97,116,105,111,110,32,104,101,97,100,101,114,32,105,115,32,109,105,115,115,105,110,103,26,84,10,42,116,121,112,101,46,103,111,111,103,108,101,97,112,105,115,46,99,111,109,47,103,111,111,103,108,101,46,114,112,99,46,82,101,113,117,101,115,116,73,110,102,111,18,38,10,36,55,99,48,98,57,98,55,100,45,55,52,97,102,45,52,55,54,55,45,98,102,57,99,45,55,49,53,52,97,49,50,99,101,101,52,99]}],"x-request-id":["7c0b9b7d-74af-4767-bf9c-7154a12cee4c"]}}

16 янв. 02:49:02.706
[YDB Query Error]: Unexpected transport error code 16! Error itself: {"code":16,"details":"authentication header is missing","metadata":{"content-type":["application/grpc"],"grpc-status-details-bin":[{"type":"Buffer","data":[8,16,18,32,97,117,116,104,101,110,116,105,99,97,116,105,111,110,32,104,101,97,100,101,114,32,105,115,32,109,105,115,115,105,110,103,26,84,10,42,116,121,112,101,46,103,111,111,103,108,101,97,112,105,115,46,99,111,109,47,103,111,111,103,108,101,46,114,112,99,46,82,101,113,117,101,115,116,73,110,102,111,18,38,10,36,55,99,48,98,57,98,55,100,45,55,52,97,102,45,52,55,54,55,45,98,102,57,99,45,55,49,53,52,97,49,50,99,101,101,52,99]}],"x-request-id":["7c0b9b7d-74af-4767-bf9c-7154a12cee4c"]}}

16 янв. 02:49:02.706
[YDB Query Error]: Unexpected transport error code 16! Error itself: {"code":16,"details":"authentication header is missing","metadata":{"content-type":["application/grpc"],"grpc-status-details-bin":[{"type":"Buffer","data":[8,16,18,32,97,117,116,104,101,110,116,105,99,97,116,105,111,110,32,104,101,97,100,101,114,32,105,115,32,109,105,115,115,105,110,103,26,84,10,42,116,121,112,101,46,103,111,111,103,108,101,97,112,105,115,46,99,111,109,47,103,111,111,103,108,101,46,114,112,99,46,82,101,113,117,101,115,116,73,110,102,111,18,38,10,36,55,99,48,98,57,98,55,100,45,55,52,97,102,45,52,55,54,55,45,98,102,57,99,45,55,49,53,52,97,49,50,99,101,101,52,99]}],"x-request-id":["7c0b9b7d-74af-4767-bf9c-7154a12cee4c"]}}

16 янв. 02:49:02.706
[YDB Query Error]: Unexpected transport error code 16! Error itself: {"code":16,"details":"authentication header is missing","metadata":{"content-type":["application/grpc"],"grpc-status-details-bin":[{"type":"Buffer","data":[8,16,18,32,97,117,116,104,101,110,116,105,99,97,116,105,111,110,32,104,101,97,100,101,114,32,105,115,32,109,105,115,115,105,110,103,26,84,10,42,116,121,112,101,46,103,111,111,103,108,101,97,112,105,115,46,99,111,109,47,103,111,111,103,108,101,46,114,112,99,46,82,101,113,117,101,115,116,73,110,102,111,18,38,10,36,55,99,48,98,57,98,55,100,45,55,52,97,102,45,52,55,54,55,45,98,102,57,99,45,55,49,53,52,97,49,50,99,101,101,52,99]}],"x-request-id":["7c0b9b7d-74af-4767-bf9c-7154a12cee4c"]}}

16 янв. 02:49:02.706
[YDB Query Error]: Unexpected transport error code 16! Error itself: {"code":16,"details":"authentication header is missing","metadata":{"content-type":["application/grpc"],"grpc-status-details-bin":[{"type":"Buffer","data":[8,16,18,32,97,117,116,104,101,110,116,105,99,97,116,105,111,110,32,104,101,97,100,101,114,32,105,115,32,109,105,115,115,105,110,103,26,84,10,42,116,121,112,101,46,103,111,111,103,108,101,97,112,105,115,46,99,111,109,47,103,111,111,103,108,101,46,114,112,99,46,82,101,113,117,101,115,116,73,110,102,111,18,38,10,36,55,99,48,98,57,98,55,100,45,55,52,97,102,45,52,55,54,55,45,98,102,57,99,45,55,49,53,52,97,49,50,99,101,101,52,99]}],"x-request-id":["7c0b9b7d-74af-4767-bf9c-7154a12cee4c"]}}

16 янв. 02:49:02.706
[YDB Query Error]: Unexpected transport error code 16! Error itself: {"code":16,"details":"authentication header is missing","metadata":{"content-type":["application/grpc"],"grpc-status-details-bin":[{"type":"Buffer","data":[8,16,18,32,97,117,116,104,101,110,116,105,99,97,116,105,111,110,32,104,101,97,100,101,114,32,105,115,32,109,105,115,115,105,110,103,26,84,10,42,116,121,112,101,46,103,111,111,103,108,101,97,112,105,115,46,99,111,109,47,103,111,111,103,108,101,46,114,112,99,46,82,101,113,117,101,115,116,73,110,102,111,18,38,10,36,55,99,48,98,57,98,55,100,45,55,52,97,102,45,52,55,54,55,45,98,102,57,99,45,55,49,53,52,97,49,50,99,101,101,52,99]}],"x-request-id":["7c0b9b7d-74af-4767-bf9c-7154a12cee4c"]}}

16 янв. 02:49:02.706
[YDB Query Error]: Unexpected transport error code 16! Error itself: {"code":16,"details":"authentication header is missing","metadata":{"content-type":["application/grpc"],"grpc-status-details-bin":[{"type":"Buffer","data":[8,16,18,32,97,117,116,104,101,110,116,105,99,97,116,105,111,110,32,104,101,97,100,101,114,32,105,115,32,109,105,115,115,105,110,103,26,84,10,42,116,121,112,101,46,103,111,111,103,108,101,97,112,105,115,46,99,111,109,47,103,111,111,103,108,101,46,114,112,99,46,82,101,113,117,101,115,116,73,110,102,111,18,38,10,36,55,99,48,98,57,98,55,100,45,55,52,97,102,45,52,55,54,55,45,98,102,57,99,45,55,49,53,52,97,49,50,99,101,101,52,99]}],"x-request-id":["7c0b9b7d-74af-4767-bf9c-7154a12cee4c"]}}

16 янв. 02:49:02.706
[YDB Query Error]: Unexpected transport error code 16! Error itself: {"code":16,"details":"authentication header is missing","metadata":{"content-type":["application/grpc"],"grpc-status-details-bin":[{"type":"Buffer","data":[8,16,18,32,97,117,116,104,101,110,116,105,99,97,116,105,111,110,32,104,101,97,100,101,114,32,105,115,32,109,105,115,115,105,110,103,26,84,10,42,116,121,112,101,46,103,111,111,103,108,101,97,112,105,115,46,99,111,109,47,103,111,111,103,108,101,46,114,112,99,46,82,101,113,117,101,115,116,73,110,102,111,18,38,10,36,55,99,48,98,57,98,55,100,45,55,52,97,102,45,52,55,54,55,45,98,102,57,99,45,55,49,53,52,97,49,50,99,101,101,52,99]}],"x-request-id":["7c0b9b7d-74af-4767-bf9c-7154a12cee4c"]}}

16 янв. 02:49:02.706
[YDB Query Error]: Unexpected transport error code 16! Error itself: {"code":16,"details":"authentication header is missing","metadata":{"content-type":["application/grpc"],"grpc-status-details-bin":[{"type":"Buffer","data":[8,16,18,32,97,117,116,104,101,110,116,105,99,97,116,105,111,110,32,104,101,97,100,101,114,32,105,115,32,109,105,115,115,105,110,103,26,84,10,42,116,121,112,101,46,103,111,111,103,108,101,97,112,105,115,46,99,111,109,47,103,111,111,103,108,101,46,114,112,99,46,82,101,113,117,101,115,116,73,110,102,111,18,38,10,36,55,99,48,98,57,98,55,100,45,55,52,97,102,45,52,55,54,55,45,98,102,57,99,45,55,49,53,52,97,49,50,99,101,101,52,99]}],"x-request-id":["7c0b9b7d-74af-4767-bf9c-7154a12cee4c"]}}

16 янв. 02:49:02.706
[YDB Query Error]: Unexpected transport error code 16! Error itself: {"code":16,"details":"authentication header is missing","metadata":{"content-type":["application/grpc"],"grpc-status-details-bin":[{"type":"Buffer","data":[8,16,18,32,97,117,116,104,101,110,116,105,99,97,116,105,111,110,32,104,101,97,100,101,114,32,105,115,32,109,105,115,115,105,110,103,26,84,10,42,116,121,112,101,46,103,111,111,103,108,101,97,112,105,115,46,99,111,109,47,103,111,111,103,108,101,46,114,112,99,46,82,101,113,117,101,115,116,73,110,102,111,18,38,10,36,55,99,48,98,57,98,55,100,45,55,52,97,102,45,52,55,54,55,45,98,102,57,99,45,55,49,53,52,97,49,50,99,101,101,52,99]}],"x-request-id":["7c0b9b7d-74af-4767-bf9c-7154a12cee4c"]}}

16 янв. 02:49:02.706
[YDB Query Error]: Unexpected transport error code 16! Error itself: {"code":16,"details":"authentication header is missing","metadata":{"content-type":["application/grpc"],"grpc-status-details-bin":[{"type":"Buffer","data":[8,16,18,32,97,117,116,104,101,110,116,105,99,97,116,105,111,110,32,104,101,97,100,101,114,32,105,115,32,109,105,115,115,105,110,103,26,84,10,42,116,121,112,101,46,103,111,111,103,108,101,97,112,105,115,46,99,111,109,47,103,111,111,103,108,101,46,114,112,99,46,82,101,113,117,101,115,116,73,110,102,111,18,38,10,36,55,99,48,98,57,98,55,100,45,55,52,97,102,45,52,55,54,55,45,98,102,57,99,45,55,49,53,52,97,49,50,99,101,101,52,99]}],"x-request-id":["7c0b9b7d-74af-4767-bf9c-7154a12cee4c"]}}

16 янв. 02:49:02.706
[YDB Query Error]: Unexpected transport error code 16! Error itself: {"code":16,"details":"authentication header is missing","metadata":{"content-type":["application/grpc"],"grpc-status-details-bin":[{"type":"Buffer","data":[8,16,18,32,97,117,116,104,101,110,116,105,99,97,116,105,111,110,32,104,101,97,100,101,114,32,105,115,32,109,105,115,115,105,110,103,26,84,10,42,116,121,112,101,46,103,111,111,103,108,101,97,112,105,115,46,99,111,109,47,103,111,111,103,108,101,46,114,112,99,46,82,101,113,117,101,115,116,73,110,102,111,18,38,10,36,55,99,48,98,57,98,55,100,45,55,52,97,102,45,52,55,54,55,45,98,102,57,99,45,55,49,53,52,97,49,50,99,101,101,52,99]}],"x-request-id":["7c0b9b7d-74af-4767-bf9c-7154a12cee4c"]}}

16 янв. 02:49:02.706
[YDB Query Error]: Unexpected transport error code 16! Error itself: {"code":16,"details":"authentication header is missing","metadata":{"content-type":["application/grpc"],"grpc-status-details-bin":[{"type":"Buffer","data":[8,16,18,32,97,117,116,104,101,110,116,105,99,97,116,105,111,110,32,104,101,97,100,101,114,32,105,115,32,109,105,115,115,105,110,103,26,84,10,42,116,121,112,101,46,103,111,111,103,108,101,97,112,105,115,46,99,111,109,47,103,111,111,103,108,101,46,114,112,99,46,82,101,113,117,101,115,116,73,110,102,111,18,38,10,36,55,99,48,98,57,98,55,100,45,55,52,97,102,45,52,55,54,55,45,98,102,57,99,45,55,49,53,52,97,49,50,99,101,101,52,99]}],"x-request-id":["7c0b9b7d-74af-4767-bf9c-7154a12cee4c"]}}

16 янв. 02:49:02.706
[YDB Query Error]: Unexpected transport error code 16! Error itself: {"code":16,"details":"authentication header is missing","metadata":{"content-type":["application/grpc"],"grpc-status-details-bin":[{"type":"Buffer","data":[8,16,18,32,97,117,116,104,101,110,116,105,99,97,116,105,111,110,32,104,101,97,100,101,114,32,105,115,32,109,105,115,115,105,110,103,26,84,10,42,116,121,112,101,46,103,111,111,103,108,101,97,112,105,115,46,99,111,109,47,103,111,111,103,108,101,46,114,112,99,46,82,101,113,117,101,115,116,73,110,102,111,18,38,10,36,55,99,48,98,57,98,55,100,45,55,52,97,102,45,52,55,54,55,45,98,102,57,99,45,55,49,53,52,97,49,50,99,101,101,52,99]}],"x-request-id":["7c0b9b7d-74af-4767-bf9c-7154a12cee4c"]}}

16 янв. 02:49:02.706
[YDB Query Error]: Unexpected transport error code 16! Error itself: {"code":16,"details":"authentication header is missing","metadata":{"content-type":["application/grpc"],"grpc-status-details-bin":[{"type":"Buffer","data":[8,16,18,32,97,117,116,104,101,110,116,105,99,97,116,105,111,110,32,104,101,97,100,101,114,32,105,115,32,109,105,115,115,105,110,103,26,84,10,42,116,121,112,101,46,103,111,111,103,108,101,97,112,105,115,46,99,111,109,47,103,111,111,103,108,101,46,114,112,99,46,82,101,113,117,101,115,116,73,110,102,111,18,38,10,36,55,99,48,98,57,98,55,100,45,55,52,97,102,45,52,55,54,55,45,98,102,57,99,45,55,49,53,52,97,49,50,99,101,101,52,99]}],"x-request-id":["7c0b9b7d-74af-4767-bf9c-7154a12cee4c"]}}

16 янв. 02:49:02.706
[YDB Query Error]: Unexpected transport error code 16! Error itself: {"code":16,"details":"authentication header is missing","metadata":{"content-type":["application/grpc"],"grpc-status-details-bin":[{"type":"Buffer","data":[8,16,18,32,97,117,116,104,101,110,116,105,99,97,116,105,111,110,32,104,101,97,100,101,114,32,105,115,32,109,105,115,115,105,110,103,26,84,10,42,116,121,112,101,46,103,111,111,103,108,101,97,112,105,115,46,99,111,109,47,103,111,111,103,108,101,46,114,112,99,46,82,101,113,117,101,115,116,73,110,102,111,18,38,10,36,55,99,48,98,57,98,55,100,45,55,52,97,102,45,52,55,54,55,45,98,102,57,99,45,55,49,53,52,97,49,50,99,101,101,52,99]}],"x-request-id":["7c0b9b7d-74af-4767-bf9c-7154a12cee4c"]}}

16 янв. 02:49:02.705
[YDB Query Error]: Unexpected transport error code 16! Error itself: {"code":16,"details":"authentication header is missing","metadata":{"content-type":["application/grpc"],"grpc-status-details-bin":[{"type":"Buffer","data":[8,16,18,32,97,117,116,104,101,110,116,105,99,97,116,105,111,110,32,104,101,97,100,101,114,32,105,115,32,109,105,115,115,105,110,103,26,84,10,42,116,121,112,101,46,103,111,111,103,108,101,97,112,105,115,46,99,111,109,47,103,111,111,103,108,101,46,114,112,99,46,82,101,113,117,101,115,116,73,110,102,111,18,38,10,36,55,99,48,98,57,98,55,100,45,55,52,97,102,45,52,55,54,55,45,98,102,57,99,45,55,49,53,52,97,49,50,99,101,101,52,99]}],"x-request-id":["7c0b9b7d-74af-4767-bf9c-7154a12cee4c"]}}

16 янв. 02:49:02.705
[YDB Query Error]: Unexpected transport error code 16! Error itself: {"code":16,"details":"authentication header is missing","metadata":{"content-type":["application/grpc"],"grpc-status-details-bin":[{"type":"Buffer","data":[8,16,18,32,97,117,116,104,101,110,116,105,99,97,116,105,111,110,32,104,101,97,100,101,114,32,105,115,32,109,105,115,115,105,110,103,26,84,10,42,116,121,112,101,46,103,111,111,103,108,101,97,112,105,115,46,99,111,109,47,103,111,111,103,108,101,46,114,112,99,46,82,101,113,117,101,115,116,73,110,102,111,18,38,10,36,55,99,48,98,57,98,55,100,45,55,52,97,102,45,52,55,54,55,45,98,102,57,99,45,55,49,53,52,97,49,50,99,101,101,52,99]}],"x-request-id":["7c0b9b7d-74af-4767-bf9c-7154a12cee4c"]}}

16 янв. 02:49:02.705
[YDB Query Error]: Unexpected transport error code 16! Error itself: {"code":16,"details":"authentication header is missing","metadata":{"content-type":["application/grpc"],"grpc-status-details-bin":[{"type":"Buffer","data":[8,16,18,32,97,117,116,104,101,110,116,105,99,97,116,105,111,110,32,104,101,97,100,101,114,32,105,115,32,109,105,115,115,105,110,103,26,84,10,42,116,121,112,101,46,103,111,111,103,108,101,97,112,105,115,46,99,111,109,47,103,111,111,103,108,101,46,114,112,99,46,82,101,113,117,101,115,116,73,110,102,111,18,38,10,36,55,99,48,98,57,98,55,100,45,55,52,97,102,45,52,55,54,55,45,98,102,57,99,45,55,49,53,52,97,49,50,99,101,101,52,99]}],"x-request-id":["7c0b9b7d-74af-4767-bf9c-7154a12cee4c"]}}

16 янв. 02:49:02.705
[YDB Query Error]: Unexpected transport error code 16! Error itself: {"code":16,"details":"authentication header is missing","metadata":{"content-type":["application/grpc"],"grpc-status-details-bin":[{"type":"Buffer","data":[8,16,18,32,97,117,116,104,101,110,116,105,99,97,116,105,111,110,32,104,101,97,100,101,114,32,105,115,32,109,105,115,115,105,110,103,26,84,10,42,116,121,112,101,46,103,111,111,103,108,101,97,112,105,115,46,99,111,109,47,103,111,111,103,108,101,46,114,112,99,46,82,101,113,117,101,115,116,73,110,102,111,18,38,10,36,55,99,48,98,57,98,55,100,45,55,52,97,102,45,52,55,54,55,45,98,102,57,99,45,55,49,53,52,97,49,50,99,101,101,52,99]}],"x-request-id":["7c0b9b7d-74af-4767-bf9c-7154a12cee4c"]}}

16 янв. 02:49:02.705
[YDB Query Error]: Unexpected transport error code 16! Error itself: {"code":16,"details":"authentication header is missing","metadata":{"content-type":["application/grpc"],"grpc-status-details-bin":[{"type":"Buffer","data":[8,16,18,32,97,117,116,104,101,110,116,105,99,97,116,105,111,110,32,104,101,97,100,101,114,32,105,115,32,109,105,115,115,105,110,103,26,84,10,42,116,121,112,101,46,103,111,111,103,108,101,97,112,105,115,46,99,111,109,47,103,111,111,103,108,101,46,114,112,99,46,82,101,113,117,101,115,116,73,110,102,111,18,38,10,36,55,99,48,98,57,98,55,100,45,55,52,97,102,45,52,55,54,55,45,98,102,57,99,45,55,49,53,52,97,49,50,99,101,101,52,99]}],"x-request-id":["7c0b9b7d-74af-4767-bf9c-7154a12cee4c"]}}

16 янв. 02:49:02.705
[YDB Query Error]: Unexpected transport error code 16! Error itself: {"code":16,"details":"authentication header is missing","metadata":{"content-type":["application/grpc"],"grpc-status-details-bin":[{"type":"Buffer","data":[8,16,18,32,97,117,116,104,101,110,116,105,99,97,116,105,111,110,32,104,101,97,100,101,114,32,105,115,32,109,105,115,115,105,110,103,26,84,10,42,116,121,112,101,46,103,111,111,103,108,101,97,112,105,115,46,99,111,109,47,103,111,111,103,108,101,46,114,112,99,46,82,101,113,117,101,115,116,73,110,102,111,18,38,10,36,55,99,48,98,57,98,55,100,45,55,52,97,102,45,52,55,54,55,45,98,102,57,99,45,55,49,53,52,97,49,50,99,101,101,52,99]}],"x-request-id":["7c0b9b7d-74af-4767-bf9c-7154a12cee4c"]}}

16 янв. 02:49:02.705
[YDB Query Error]: Unexpected transport error code 16! Error itself: {"code":16,"details":"authentication header is missing","metadata":{"content-type":["application/grpc"],"grpc-status-details-bin":[{"type":"Buffer","data":[8,16,18,32,97,117,116,104,101,110,116,105,99,97,116,105,111,110,32,104,101,97,100,101,114,32,105,115,32,109,105,115,115,105,110,103,26,84,10,42,116,121,112,101,46,103,111,111,103,108,101,97,112,105,115,46,99,111,109,47,103,111,111,103,108,101,46,114,112,99,46,82,101,113,117,101,115,116,73,110,102,111,18,38,10,36,55,99,48,98,57,98,55,100,45,55,52,97,102,45,52,55,54,55,45,98,102,57,99,45,55,49,53,52,97,49,50,99,101,101,52,99]}],"x-request-id":["7c0b9b7d-74af-4767-bf9c-7154a12cee4c"]}}

16 янв. 02:49:02.705
[YDB Query Error]: Unexpected transport error code 16! Error itself: {"code":16,"details":"authentication header is missing","metadata":{"content-type":["application/grpc"],"grpc-status-details-bin":[{"type":"Buffer","data":[8,16,18,32,97,117,116,104,101,110,116,105,99,97,116,105,111,110,32,104,101,97,100,101,114,32,105,115,32,109,105,115,115,105,110,103,26,84,10,42,116,121,112,101,46,103,111,111,103,108,101,97,112,105,115,46,99,111,109,47,103,111,111,103,108,101,46,114,112,99,46,82,101,113,117,101,115,116,73,110,102,111,18,38,10,36,55,99,48,98,57,98,55,100,45,55,52,97,102,45,52,55,54,55,45,98,102,57,99,45,55,49,53,52,97,49,50,99,101,101,52,99]}],"x-request-id":["7c0b9b7d-74af-4767-bf9c-7154a12cee4c"]}}

16 янв. 02:49:02.705
[YDB Query Error]: Unexpected transport error code 16! Error itself: {"code":16,"details":"authentication header is missing","metadata":{"content-type":["application/grpc"],"grpc-status-details-bin":[{"type":"Buffer","data":[8,16,18,32,97,117,116,104,101,110,116,105,99,97,116,105,111,110,32,104,101,97,100,101,114,32,105,115,32,109,105,115,115,105,110,103,26,84,10,42,116,121,112,101,46,103,111,111,103,108,101,97,112,105,115,46,99,111,109,47,103,111,111,103,108,101,46,114,112,99,46,82,101,113,117,101,115,116,73,110,102,111,18,38,10,36,55,99,48,98,57,98,55,100,45,55,52,97,102,45,52,55,54,55,45,98,102,57,99,45,55,49,53,52,97,49,50,99,101,101,52,99]}],"x-request-id":["7c0b9b7d-74af-4767-bf9c-7154a12cee4c"]}}

16 янв. 02:49:02.705
[YDB Query Error]: Unexpected transport error code 16! Error itself: {"code":16,"details":"authentication header is missing","metadata":{"content-type":["application/grpc"],"grpc-status-details-bin":[{"type":"Buffer","data":[8,16,18,32,97,117,116,104,101,110,116,105,99,97,116,105,111,110,32,104,101,97,100,101,114,32,105,115,32,109,105,115,115,105,110,103,26,84,10,42,116,121,112,101,46,103,111,111,103,108,101,97,112,105,115,46,99,111,109,47,103,111,111,103,108,101,46,114,112,99,46,82,101,113,117,101,115,116,73,110,102,111,18,38,10,36,55,99,48,98,57,98,55,100,45,55,52,97,102,45,52,55,54,55,45,98,102,57,99,45,55,49,53,52,97,49,50,99,101,101,52,99]}],"x-request-id":["7c0b9b7d-74af-4767-bf9c-7154a12cee4c"]}}

16 янв. 02:49:02.705
[YDB Query Error]: Unexpected transport error code 16! Error itself: {"code":16,"details":"authentication header is missing","metadata":{"content-type":["application/grpc"],"grpc-status-details-bin":[{"type":"Buffer","data":[8,16,18,32,97,117,116,104,101,110,116,105,99,97,116,105,111,110,32,104,101,97,100,101,114,32,105,115,32,109,105,115,115,105,110,103,26,84,10,42,116,121,112,101,46,103,111,111,103,108,101,97,112,105,115,46,99,111,109,47,103,111,111,103,108,101,46,114,112,99,46,82,101,113,117,101,115,116,73,110,102,111,18,38,10,36,55,99,48,98,57,98,55,100,45,55,52,97,102,45,52,55,54,55,45,98,102,57,99,45,55,49,53,52,97,49,50,99,101,101,52,99]}],"x-request-id":["7c0b9b7d-74af-4767-bf9c-7154a12cee4c"]}}

16 янв. 02:49:02.705
[YDB Query Error]: Unexpected transport error code 16! Error itself: {"code":16,"details":"authentication header is missing","metadata":{"content-type":["application/grpc"],"grpc-status-details-bin":[{"type":"Buffer","data":[8,16,18,32,97,117,116,104,101,110,116,105,99,97,116,105,111,110,32,104,101,97,100,101,114,32,105,115,32,109,105,115,115,105,110,103,26,84,10,42,116,121,112,101,46,103,111,111,103,108,101,97,112,105,115,46,99,111,109,47,103,111,111,103,108,101,46,114,112,99,46,82,101,113,117,101,115,116,73,110,102,111,18,38,10,36,55,99,48,98,57,98,55,100,45,55,52,97,102,45,52,55,54,55,45,98,102,57,99,45,55,49,53,52,97,49,50,99,101,101,52,99]}],"x-request-id":["7c0b9b7d-74af-4767-bf9c-7154a12cee4c"]}}

16 янв. 02:49:02.705
[YDB Query Error]: Unexpected transport error code 16! Error itself: {"code":16,"details":"authentication header is missing","metadata":{"content-type":["application/grpc"],"grpc-status-details-bin":[{"type":"Buffer","data":[8,16,18,32,97,117,116,104,101,110,116,105,99,97,116,105,111,110,32,104,101,97,100,101,114,32,105,115,32,109,105,115,115,105,110,103,26,84,10,42,116,121,112,101,46,103,111,111,103,108,101,97,112,105,115,46,99,111,109,47,103,111,111,103,108,101,46,114,112,99,46,82,101,113,117,101,115,116,73,110,102,111,18,38,10,36,55,99,48,98,57,98,55,100,45,55,52,97,102,45,52,55,54,55,45,98,102,57,99,45,55,49,53,52,97,49,50,99,101,101,52,99]}],"x-request-id":["7c0b9b7d-74af-4767-bf9c-7154a12cee4c"]}}

16 янв. 02:49:02.705
[YDB Query Error]: Unexpected transport error code 16! Error itself: {"code":16,"details":"authentication header is missing","metadata":{"content-type":["application/grpc"],"grpc-status-details-bin":[{"type":"Buffer","data":[8,16,18,32,97,117,116,104,101,110,116,105,99,97,116,105,111,110,32,104,101,97,100,101,114,32,105,115,32,109,105,115,115,105,110,103,26,84,10,42,116,121,112,101,46,103,111,111,103,108,101,97,112,105,115,46,99,111,109,47,103,111,111,103,108,101,46,114,112,99,46,82,101,113,117,101,115,116,73,110,102,111,18,38,10,36,55,99,48,98,57,98,55,100,45,55,52,97,102,45,52,55,54,55,45,98,102,57,99,45,55,49,53,52,97,49,50,99,101,101,52,99]}],"x-request-id":["7c0b9b7d-74af-4767-bf9c-7154a12cee4c"]}}

16 янв. 02:49:02.705
[YDB Query Error]: Unexpected transport error code 16! Error itself: {"code":16,"details":"authentication header is missing","metadata":{"content-type":["application/grpc"],"grpc-status-details-bin":[{"type":"Buffer","data":[8,16,18,32,97,117,116,104,101,110,116,105,99,97,116,105,111,110,32,104,101,97,100,101,114,32,105,115,32,109,105,115,115,105,110,103,26,84,10,42,116,121,112,101,46,103,111,111,103,108,101,97,112,105,115,46,99,111,109,47,103,111,111,103,108,101,46,114,112,99,46,82,101,113,117,101,115,116,73,110,102,111,18,38,10,36,55,99,48,98,57,98,55,100,45,55,52,97,102,45,52,55,54,55,45,98,102,57,99,45,55,49,53,52,97,49,50,99,101,101,52,99]}],"x-request-id":["7c0b9b7d-74af-4767-bf9c-7154a12cee4c"]}}

16 янв. 02:49:02.705
[YDB Query Error]: Unexpected transport error code 16! Error itself: {"code":16,"details":"authentication header is missing","metadata":{"content-type":["application/grpc"],"grpc-status-details-bin":[{"type":"Buffer","data":[8,16,18,32,97,117,116,104,101,110,116,105,99,97,116,105,111,110,32,104,101,97,100,101,114,32,105,115,32,109,105,115,115,105,110,103,26,84,10,42,116,121,112,101,46,103,111,111,103,108,101,97,112,105,115,46,99,111,109,47,103,111,111,103,108,101,46,114,112,99,46,82,101,113,117,101,115,116,73,110,102,111,18,38,10,36,55,99,48,98,57,98,55,100,45,55,52,97,102,45,52,55,54,55,45,98,102,57,99,45,55,49,53,52,97,49,50,99,101,101,52,99]}],"x-request-id":["7c0b9b7d-74af-4767-bf9c-7154a12cee4c"]}}

16 янв. 02:49:02.705
[YDB Query Error]: Unexpected transport error code 16! Error itself: {"code":16,"details":"authentication header is missing","metadata":{"content-type":["application/grpc"],"grpc-status-details-bin":[{"type":"Buffer","data":[8,16,18,32,97,117,116,104,101,110,116,105,99,97,116,105,111,110,32,104,101,97,100,101,114,32,105,115,32,109,105,115,115,105,110,103,26,84,10,42,116,121,112,101,46,103,111,111,103,108,101,97,112,105,115,46,99,111,109,47,103,111,111,103,108,101,46,114,112,99,46,82,101,113,117,101,115,116,73,110,102,111,18,38,10,36,55,99,48,98,57,98,55,100,45,55,52,97,102,45,52,55,54,55,45,98,102,57,99,45,55,49,53,52,97,49,50,99,101,101,52,99]}],"x-request-id":["7c0b9b7d-74af-4767-bf9c-7154a12cee4c"]}}

16 янв. 02:49:02.705
[YDB Query Error]: Unexpected transport error code 16! Error itself: {"code":16,"details":"authentication header is missing","metadata":{"content-type":["application/grpc"],"grpc-status-details-bin":[{"type":"Buffer","data":[8,16,18,32,97,117,116,104,101,110,116,105,99,97,116,105,111,110,32,104,101,97,100,101,114,32,105,115,32,109,105,115,115,105,110,103,26,84,10,42,116,121,112,101,46,103,111,111,103,108,101,97,112,105,115,46,99,111,109,47,103,111,111,103,108,101,46,114,112,99,46,82,101,113,117,101,115,116,73,110,102,111,18,38,10,36,55,99,48,98,57,98,55,100,45,55,52,97,102,45,52,55,54,55,45,98,102,57,99,45,55,49,53,52,97,49,50,99,101,101,52,99]}],"x-request-id":["7c0b9b7d-74af-4767-bf9c-7154a12cee4c"]}}

16 янв. 02:49:02.705
[YDB Query Error]: Unexpected transport error code 16! Error itself: {"code":16,"details":"authentication header is missing","metadata":{"content-type":["application/grpc"],"grpc-status-details-bin":[{"type":"Buffer","data":[8,16,18,32,97,117,116,104,101,110,116,105,99,97,116,105,111,110,32,104,101,97,100,101,114,32,105,115,32,109,105,115,115,105,110,103,26,84,10,42,116,121,112,101,46,103,111,111,103,108,101,97,112,105,115,46,99,111,109,47,103,111,111,103,108,101,46,114,112,99,46,82,101,113,117,101,115,116,73,110,102,111,18,38,10,36,55,99,48,98,57,98,55,100,45,55,52,97,102,45,52,55,54,55,45,98,102,57,99,45,55,49,53,52,97,49,50,99,101,101,52,99]}],"x-request-id":["7c0b9b7d-74af-4767-bf9c-7154a12cee4c"]}}

16 янв. 02:49:02.705
[YDB Query Error]: Unexpected transport error code 16! Error itself: {"code":16,"details":"authentication header is missing","metadata":{"content-type":["application/grpc"],"grpc-status-details-bin":[{"type":"Buffer","data":[8,16,18,32,97,117,116,104,101,110,116,105,99,97,116,105,111,110,32,104,101,97,100,101,114,32,105,115,32,109,105,115,115,105,110,103,26,84,10,42,116,121,112,101,46,103,111,111,103,108,101,97,112,105,115,46,99,111,109,47,103,111,111,103,108,101,46,114,112,99,46,82,101,113,117,101,115,116,73,110,102,111,18,38,10,36,55,99,48,98,57,98,55,100,45,55,52,97,102,45,52,55,54,55,45,98,102,57,99,45,55,49,53,52,97,49,50,99,101,101,52,99]}],"x-request-id":["7c0b9b7d-74af-4767-bf9c-7154a12cee4c"]}}

16 янв. 02:49:02.704
[YDB Query Error]: Unexpected transport error code 16! Error itself: {"code":16,"details":"authentication header is missing","metadata":{"content-type":["application/grpc"],"grpc-status-details-bin":[{"type":"Buffer","data":[8,16,18,32,97,117,116,104,101,110,116,105,99,97,116,105,111,110,32,104,101,97,100,101,114,32,105,115,32,109,105,115,115,105,110,103,26,84,10,42,116,121,112,101,46,103,111,111,103,108,101,97,112,105,115,46,99,111,109,47,103,111,111,103,108,101,46,114,112,99,46,82,101,113,117,101,115,116,73,110,102,111,18,38,10,36,55,99,48,98,57,98,55,100,45,55,52,97,102,45,52,55,54,55,45,98,102,57,99,45,55,49,53,52,97,49,50,99,101,101,52,99]}],"x-request-id":["7c0b9b7d-74af-4767-bf9c-7154a12cee4c"]}}

16 янв. 02:49:02.704
[YDB Query Error]: Unexpected transport error code 16! Error itself: {"code":16,"details":"authentication header is missing","metadata":{"content-type":["application/grpc"],"grpc-status-details-bin":[{"type":"Buffer","data":[8,16,18,32,97,117,116,104,101,110,116,105,99,97,116,105,111,110,32,104,101,97,100,101,114,32,105,115,32,109,105,115,115,105,110,103,26,84,10,42,116,121,112,101,46,103,111,111,103,108,101,97,112,105,115,46,99,111,109,47,103,111,111,103,108,101,46,114,112,99,46,82,101,113,117,101,115,116,73,110,102,111,18,38,10,36,55,99,48,98,57,98,55,100,45,55,52,97,102,45,52,55,54,55,45,98,102,57,99,45,55,49,53,52,97,49,50,99,101,101,52,99]}],"x-request-id":["7c0b9b7d-74af-4767-bf9c-7154a12cee4c"]}}

16 янв. 02:49:02.704
[YDB Query Error]: Unexpected transport error code 16! Error itself: {"code":16,"details":"authentication header is missing","metadata":{"content-type":["application/grpc"],"grpc-status-details-bin":[{"type":"Buffer","data":[8,16,18,32,97,117,116,104,101,110,116,105,99,97,116,105,111,110,32,104,101,97,100,101,114,32,105,115,32,109,105,115,115,105,110,103,26,84,10,42,116,121,112,101,46,103,111,111,103,108,101,97,112,105,115,46,99,111,109,47,103,111,111,103,108,101,46,114,112,99,46,82,101,113,117,101,115,116,73,110,102,111,18,38,10,36,55,99,48,98,57,98,55,100,45,55,52,97,102,45,52,55,54,55,45,98,102,57,99,45,55,49,53,52,97,49,50,99,101,101,52,99]}],"x-request-id":["7c0b9b7d-74af-4767-bf9c-7154a12cee4c"]}}

16 янв. 02:49:02.704
[YDB Query Error]: Unexpected transport error code 16! Error itself: {"code":16,"details":"authentication header is missing","metadata":{"content-type":["application/grpc"],"grpc-status-details-bin":[{"type":"Buffer","data":[8,16,18,32,97,117,116,104,101,110,116,105,99,97,116,105,111,110,32,104,101,97,100,101,114,32,105,115,32,109,105,115,115,105,110,103,26,84,10,42,116,121,112,101,46,103,111,111,103,108,101,97,112,105,115,46,99,111,109,47,103,111,111,103,108,101,46,114,112,99,46,82,101,113,117,101,115,116,73,110,102,111,18,38,10,36,55,99,48,98,57,98,55,100,45,55,52,97,102,45,52,55,54,55,45,98,102,57,99,45,55,49,53,52,97,49,50,99,101,101,52,99]}],"x-request-id":["7c0b9b7d-74af-4767-bf9c-7154a12cee4c"]}}

16 янв. 02:49:02.704
[YDB Query Error]: Unexpected transport error code 16! Error itself: {"code":16,"details":"authentication header is missing","metadata":{"content-type":["application/grpc"],"grpc-status-details-bin":[{"type":"Buffer","data":[8,16,18,32,97,117,116,104,101,110,116,105,99,97,116,105,111,110,32,104,101,97,100,101,114,32,105,115,32,109,105,115,115,105,110,103,26,84,10,42,116,121,112,101,46,103,111,111,103,108,101,97,112,105,115,46,99,111,109,47,103,111,111,103,108,101,46,114,112,99,46,82,101,113,117,101,115,116,73,110,102,111,18,38,10,36,55,99,48,98,57,98,55,100,45,55,52,97,102,45,52,55,54,55,45,98,102,57,99,45,55,49,53,52,97,49,50,99,101,101,52,99]}],"x-request-id":["7c0b9b7d-74af-4767-bf9c-7154a12cee4c"]}}

16 янв. 02:49:02.704
[YDB Query Error]: Unexpected transport error code 16! Error itself: {"code":16,"details":"authentication header is missing","metadata":{"content-type":["application/grpc"],"grpc-status-details-bin":[{"type":"Buffer","data":[8,16,18,32,97,117,116,104,101,110,116,105,99,97,116,105,111,110,32,104,101,97,100,101,114,32,105,115,32,109,105,115,115,105,110,103,26,84,10,42,116,121,112,101,46,103,111,111,103,108,101,97,112,105,115,46,99,111,109,47,103,111,111,103,108,101,46,114,112,99,46,82,101,113,117,101,115,116,73,110,102,111,18,38,10,36,55,99,48,98,57,98,55,100,45,55,52,97,102,45,52,55,54,55,45,98,102,57,99,45,55,49,53,52,97,49,50,99,101,101,52,99]}],"x-request-id":["7c0b9b7d-74af-4767-bf9c-7154a12cee4c"]}}

16 янв. 02:49:02.704
[YDB Query Error]: Unexpected transport error code 16! Error itself: {"code":16,"details":"authentication header is missing","metadata":{"content-type":["application/grpc"],"grpc-status-details-bin":[{"type":"Buffer","data":[8,16,18,32,97,117,116,104,101,110,116,105,99,97,116,105,111,110,32,104,101,97,100,101,114,32,105,115,32,109,105,115,115,105,110,103,26,84,10,42,116,121,112,101,46,103,111,111,103,108,101,97,112,105,115,46,99,111,109,47,103,111,111,103,108,101,46,114,112,99,46,82,101,113,117,101,115,116,73,110,102,111,18,38,10,36,55,99,48,98,57,98,55,100,45,55,52,97,102,45,52,55,54,55,45,98,102,57,99,45,55,49,53,52,97,49,50,99,101,101,52,99]}],"x-request-id":["7c0b9b7d-74af-4767-bf9c-7154a12cee4c"]}}

16 янв. 02:49:02.704
[YDB Query Error]: Unexpected transport error code 16! Error itself: {"code":16,"details":"authentication header is missing","metadata":{"content-type":["application/grpc"],"grpc-status-details-bin":[{"type":"Buffer","data":[8,16,18,32,97,117,116,104,101,110,116,105,99,97,116,105,111,110,32,104,101,97,100,101,114,32,105,115,32,109,105,115,115,105,110,103,26,84,10,42,116,121,112,101,46,103,111,111,103,108,101,97,112,105,115,46,99,111,109,47,103,111,111,103,108,101,46,114,112,99,46,82,101,113,117,101,115,116,73,110,102,111,18,38,10,36,55,99,48,98,57,98,55,100,45,55,52,97,102,45,52,55,54,55,45,98,102,57,99,45,55,49,53,52,97,49,50,99,101,101,52,99]}],"x-request-id":["7c0b9b7d-74af-4767-bf9c-7154a12cee4c"]}}

16 янв. 02:49:02.704
[YDB Query Error]: Unexpected transport error code 16! Error itself: {"code":16,"details":"authentication header is missing","metadata":{"content-type":["application/grpc"],"grpc-status-details-bin":[{"type":"Buffer","data":[8,16,18,32,97,117,116,104,101,110,116,105,99,97,116,105,111,110,32,104,101,97,100,101,114,32,105,115,32,109,105,115,115,105,110,103,26,84,10,42,116,121,112,101,46,103,111,111,103,108,101,97,112,105,115,46,99,111,109,47,103,111,111,103,108,101,46,114,112,99,46,82,101,113,117,101,115,116,73,110,102,111,18,38,10,36,55,99,48,98,57,98,55,100,45,55,52,97,102,45,52,55,54,55,45,98,102,57,99,45,55,49,53,52,97,49,50,99,101,101,52,99]}],"x-request-id":["7c0b9b7d-74af-4767-bf9c-7154a12cee4c"]}}

16 янв. 02:49:02.704
[YDB Query Error]: Unexpected transport error code 16! Error itself: {"code":16,"details":"authentication header is missing","metadata":{"content-type":["application/grpc"],"grpc-status-details-bin":[{"type":"Buffer","data":[8,16,18,32,97,117,116,104,101,110,116,105,99,97,116,105,111,110,32,104,101,97,100,101,114,32,105,115,32,109,105,115,115,105,110,103,26,84,10,42,116,121,112,101,46,103,111,111,103,108,101,97,112,105,115,46,99,111,109,47,103,111,111,103,108,101,46,114,112,99,46,82,101,113,117,101,115,116,73,110,102,111,18,38,10,36,55,99,48,98,57,98,55,100,45,55,52,97,102,45,52,55,54,55,45,98,102,57,99,45,55,49,53,52,97,49,50,99,101,101,52,99]}],"x-request-id":["7c0b9b7d-74af-4767-bf9c-7154a12cee4c"]}}

16 янв. 02:49:02.704
[YDB Query Error]: Unexpected transport error code 16! Error itself: {"code":16,"details":"authentication header is missing","metadata":{"content-type":["application/grpc"],"grpc-status-details-bin":[{"type":"Buffer","data":[8,16,18,32,97,117,116,104,101,110,116,105,99,97,116,105,111,110,32,104,101,97,100,101,114,32,105,115,32,109,105,115,115,105,110,103,26,84,10,42,116,121,112,101,46,103,111,111,103,108,101,97,112,105,115,46,99,111,109,47,103,111,111,103,108,101,46,114,112,99,46,82,101,113,117,101,115,116,73,110,102,111,18,38,10,36,55,99,48,98,57,98,55,100,45,55,52,97,102,45,52,55,54,55,45,98,102,57,99,45,55,49,53,52,97,49,50,99,101,101,52,99]}],"x-request-id":["7c0b9b7d-74af-4767-bf9c-7154a12cee4c"]}}

16 янв. 02:49:02.704
[YDB Query Error]: Unexpected transport error code 16! Error itself: {"code":16,"details":"authentication header is missing","metadata":{"content-type":["application/grpc"],"grpc-