

16 янв. 02:52:55.406
[YDB Query Error]: Unexpected transport error code 16! Error itself: {"code":16,"details":"authentication header is missing","metadata":{"content-type":["application/grpc"],"grpc-status-details-bin":[{"type":"Buffer","data":[8,16,18,32,97,117,116,104,101,110,116,105,99,97,116,105,111,110,32,104,101,97,100,101,114,32,105,115,32,109,105,115,115,105,110,103,26,84,10,42,116,121,112,101,46,103,111,111,103,108,101,97,112,105,115,46,99,111,109,47,103,111,111,103,108,101,46,114,112,99,46,82,101,113,117,101,115,116,73,110,102,111,18,38,10,36,54,49,97,55,98,98,49,97,45,55,98,49,48,45,52,101,53,100,45,97,56,49,48,45,48,101,51,48,98,102,102,97,102,50,48,101]}],"x-request-id":["61a7bb1a-7b10-4e5d-a810-0e30bffaf20e"]}}

16 янв. 02:52:55.406
[YDB Query Error]: Unexpected transport error code 16! Error itself: {"code":16,"details":"authentication header is missing","metadata":{"content-type":["application/grpc"],"grpc-status-details-bin":[{"type":"Buffer","data":[8,16,18,32,97,117,116,104,101,110,116,105,99,97,116,105,111,110,32,104,101,97,100,101,114,32,105,115,32,109,105,115,115,105,110,103,26,84,10,42,116,121,112,101,46,103,111,111,103,108,101,97,112,105,115,46,99,111,109,47,103,111,111,103,108,101,46,114,112,99,46,82,101,113,117,101,115,116,73,110,102,111,18,38,10,36,54,49,97,55,98,98,49,97,45,55,98,49,48,45,52,101,53,100,45,97,56,49,48,45,48,101,51,48,98,102,102,97,102,50,48,101]}],"x-request-id":["61a7bb1a-7b10-4e5d-a810-0e30bffaf20e"]}}

16 янв. 02:52:55.406
[YDB Query Error]: Unexpected transport error code 16! Error itself: {"code":16,"details":"authentication header is missing","metadata":{"content-type":["application/grpc"],"grpc-status-details-bin":[{"type":"Buffer","data":[8,16,18,32,97,117,116,104,101,110,116,105,99,97,116,105,111,110,32,104,101,97,100,101,114,32,105,115,32,109,105,115,115,105,110,103,26,84,10,42,116,121,112,101,46,103,111,111,103,108,101,97,112,105,115,46,99,111,109,47,103,111,111,103,108,101,46,114,112,99,46,82,101,113,117,101,115,116,73,110,102,111,18,38,10,36,54,49,97,55,98,98,49,97,45,55,98,49,48,45,52,101,53,100,45,97,56,49,48,45,48,101,51,48,98,102,102,97,102,50,48,101]}],"x-request-id":["61a7bb1a-7b10-4e5d-a810-0e30bffaf20e"]}}

16 янв. 02:52:55.406
[YDB Query Error]: Unexpected transport error code 16! Error itself: {"code":16,"details":"authentication header is missing","metadata":{"content-type":["application/grpc"],"grpc-status-details-bin":[{"type":"Buffer","data":[8,16,18,32,97,117,116,104,101,110,116,105,99,97,116,105,111,110,32,104,101,97,100,101,114,32,105,115,32,109,105,115,115,105,110,103,26,84,10,42,116,121,112,101,46,103,111,111,103,108,101,97,112,105,115,46,99,111,109,47,103,111,111,103,108,101,46,114,112,99,46,82,101,113,117,101,115,116,73,110,102,111,18,38,10,36,54,49,97,55,98,98,49,97,45,55,98,49,48,45,52,101,53,100,45,97,56,49,48,45,48,101,51,48,98,102,102,97,102,50,48,101]}],"x-request-id":["61a7bb1a-7b10-4e5d-a810-0e30bffaf20e"]}}

16 янв. 02:52:55.405
[YDB Query Error]: Unexpected transport error code 16! Error itself: {"code":16,"details":"authentication header is missing","metadata":{"content-type":["application/grpc"],"grpc-status-details-bin":[{"type":"Buffer","data":[8,16,18,32,97,117,116,104,101,110,116,105,99,97,116,105,111,110,32,104,101,97,100,101,114,32,105,115,32,109,105,115,115,105,110,103,26,84,10,42,116,121,112,101,46,103,111,111,103,108,101,97,112,105,115,46,99,111,109,47,103,111,111,103,108,101,46,114,112,99,46,82,101,113,117,101,115,116,73,110,102,111,18,38,10,36,54,49,97,55,98,98,49,97,45,55,98,49,48,45,52,101,53,100,45,97,56,49,48,45,48,101,51,48,98,102,102,97,102,50,48,101]}],"x-request-id":["61a7bb1a-7b10-4e5d-a810-0e30bffaf20e"]}}

16 янв. 02:52:55.308
[1C] Background auto-sync check...

16 янв. 02:52:55.308
[YDB Query Error]: Unexpected transport error code 16! Error itself: {"code":16,"details":"authentication header is missing","metadata":{"content-type":["application/grpc"],"grpc-status-details-bin":[{"type":"Buffer","data":[8,16,18,32,97,117,116,104,101,110,116,105,99,97,116,105,111,110,32,104,101,97,100,101,114,32,105,115,32,109,105,115,115,105,110,103,26,84,10,42,116,121,112,101,46,103,111,111,103,108,101,97,112,105,115,46,99,111,109,47,103,111,111,103,108,101,46,114,112,99,46,82,101,113,117,101,115,116,73,110,102,111,18,38,10,36,54,49,97,55,98,98,49,97,45,55,98,49,48,45,52,101,53,100,45,97,56,49,48,45,48,101,51,48,98,102,102,97,102,50,48,101]}],"x-request-id":["61a7bb1a-7b10-4e5d-a810-0e30bffaf20e"]}}

16 янв. 02:52:55.145
[YDB] Initializing Driver for: grpcs://ydb.serverless.yandexcloud.net:2135

16 янв. 02:52:53.950
REPORT RequestID: 1641f09f-f85a-40ec-881e-f8e688078140 Duration: 1013.082 ms Billed Duration: 1100 ms Memory Size: 512 MB Max Memory Used: 156 MB Queuing Duration: 12.041 ms CPU Usage: 13.672 %

16 янв. 02:52:53.950
ERROR RequestID: 1641f09f-f85a-40ec-881e-f8e688078140 Code: 502 Message: Error during function invocation

16 янв. 02:52:53.950
END RequestID: 1641f09f-f85a-40ec-881e-f8e688078140

16 янв. 02:52:53.950
{"errorMessage":"exit status 1","errorType":"UserCodeError"}

16 янв. 02:52:53.950
error running user code: exit status 1

16 янв. 02:52:53.950
unexpected error (running container) exit status 1

16 янв. 02:52:53.944
Node.js v20.20.0

16 янв. 02:52:53.944
at async descriptor.value (/app/node_modules/ydb-sdk/build/cjs/src/retries_obsoleted.js:137:20)

16 янв. 02:52:53.944
at process.processTicksAndRejections (node:internal/process/task_queues:95:5)

16 янв. 02:52:53.944
at RetryStrategy.retry (/app/node_modules/ydb-sdk/build/cjs/src/retries_obsoleted.js:90:49)

16 янв. 02:52:53.944
at TransportError.convertToYdbError (/app/node_modules/ydb-sdk/build/cjs/src/errors.js:334:20)

16 янв. 02:52:53.944
Error: Unexpected transport error code 16! Error itself: {"code":16,"details":"authentication header is missing","metadata":{"content-type":["application/grpc"],"grpc-status-details-bin":[{"type":"Buffer","data":[8,16,18,32,97,117,116,104,101,110,116,105,99,97,116,105,111,110,32,104,101,97,100,101,114,32,105,115,32,109,105,115,115,105,110,103,26,84,10,42,116,121,112,101,46,103,111,111,103,108,101,97,112,105,115,46,99,111,109,47,103,111,111,103,108,101,46,114,112,99,46,82,101,113,117,101,115,116,73,110,102,111,18,38,10,36,53,102,101,101,52,56,53,101,45,101,100,48,102,45,52,50,52,57,45,57,57,53,99,45,100,102,57,98,102,48,97,50,49,57,50,55]}],"x-request-id":["5fee485e-ed0f-4249-995c-df9bf0a21927"]}}

16 янв. 02:52:53.944
^

16 янв. 02:52:53.944
return new Error(`Unexpected transport error code ${e.code}! Error itself: ${errStr}`);

16 янв. 02:52:53.944
/app/node_modules/ydb-sdk/build/cjs/src/errors.js:334

16 янв. 02:52:53.942
11:52:53 PM [express] serving on port 5000

16 янв. 02:52:53.882
[YDB Query Error]: Unexpected transport error code 16! Error itself: {"code":16,"details":"authentication header is missing","metadata":{"content-type":["application/grpc"],"grpc-status-details-bin":[{"type":"Buffer","data":[8,16,18,32,97,117,116,104,101,110,116,105,99,97,116,105,111,110,32,104,101,97,100,101,114,32,105,115,32,109,105,115,115,105,110,103,26,84,10,42,116,121,112,101,46,103,111,111,103,108,101,97,112,105,115,46,99,111,109,47,103,111,111,103,108,101,46,114,112,99,46,82,101,113,117,101,115,116,73,110,102,111,18,38,10,36,53,102,101,101,52,56,53,101,45,101,100,48,102,45,52,50,52,57,45,57,57,53,99,45,100,102,57,98,102,48,97,50,49,57,50,55]}],"x-request-id":["5fee485e-ed0f-4249-995c-df9bf0a21927"]}}

16 янв. 02:52:53.882
[YDB Query Error]: Unexpected transport error code 16! Error itself: {"code":16,"details":"authentication header is missing","metadata":{"content-type":["application/grpc"],"grpc-status-details-bin":[{"type":"Buffer","data":[8,16,18,32,97,117,116,104,101,110,116,105,99,97,116,105,111,110,32,104,101,97,100,101,114,32,105,115,32,109,105,115,115,105,110,103,26,84,10,42,116,121,112,101,46,103,111,111,103,108,101,97,112,105,115,46,99,111,109,47,103,111,111,103,108,101,46,114,112,99,46,82,101,113,117,101,115,116,73,110,102,111,18,38,10,36,53,102,101,101,52,56,53,101,45,101,100,48,102,45,52,50,52,57,45,57,57,53,99,45,100,102,57,98,102,48,97,50,49,57,50,55]}],"x-request-id":["5fee485e-ed0f-4249-995c-df9bf0a21927"]}}

16 янв. 02:52:53.882
[YDB Query Error]: Unexpected transport error code 16! Error itself: {"code":16,"details":"authentication header is missing","metadata":{"content-type":["application/grpc"],"grpc-status-details-bin":[{"type":"Buffer","data":[8,16,18,32,97,117,116,104,101,110,116,105,99,97,116,105,111,110,32,104,101,97,100,101,114,32,105,115,32,109,105,115,115,105,110,103,26,84,10,42,116,121,112,101,46,103,111,111,103,108,101,97,112,105,115,46,99,111,109,47,103,111,111,103,108,101,46,114,112,99,46,82,101,113,117,101,115,116,73,110,102,111,18,38,10,36,53,102,101,101,52,56,53,101,45,101,100,48,102,45,52,50,52,57,45,57,57,53,99,45,100,102,57,98,102,48,97,50,49,57,50,55]}],"x-request-id":["5fee485e-ed0f-4249-995c-df9bf0a21927"]}}

16 янв. 02:52:53.882
[YDB Query Error]: Unexpected transport error code 16! Error itself: {"code":16,"details":"authentication header is missing","metadata":{"content-type":["application/grpc"],"grpc-status-details-bin":[{"type":"Buffer","data":[8,16,18,32,97,117,116,104,101,110,116,105,99,97,116,105,111,110,32,104,101,97,100,101,114,32,105,115,32,109,105,115,115,105,110,103,26,84,10,42,116,121,112,101,46,103,111,111,103,108,101,97,112,105,115,46,99,111,109,47,103,111,111,103,108,101,46,114,112,99,46,82,101,113,117,101,115,116,73,110,102,111,18,38,10,36,53,102,101,101,52,56,53,101,45,101,100,48,102,45,52,50,52,57,45,57,57,53,99,45,100,102,57,98,102,48,97,50,49,57,50,55]}],"x-request-id":["5fee485e-ed0f-4249-995c-df9bf0a21927"]}}

16 янв. 02:52:53.882
[YDB Query Error]: Unexpected transport error code 16! Error itself: {"code":16,"details":"authentication header is missing","metadata":{"content-type":["application/grpc"],"grpc-status-details-bin":[{"type":"Buffer","data":[8,16,18,32,97,117,116,104,101,110,116,105,99,97,116,105,111,110,32,104,101,97,100,101,114,32,105,115,32,109,105,115,115,105,110,103,26,84,10,42,116,121,112,101,46,103,111,111,103,108,101,97,112,105,115,46,99,111,109,47,103,111,111,103,108,101,46,114,112,99,46,82,101,113,117,101,115,116,73,110,102,111,18,38,10,36,53,102,101,101,52,56,53,101,45,101,100,48,102,45,52,50,52,57,45,57,57,53,99,45,100,102,57,98,102,48,97,50,49,57,50,55]}],"x-request-id":["5fee485e-ed0f-4249-995c-df9bf0a21927"]}}

16 янв. 02:52:53.882
[YDB Query Error]: Unexpected transport error code 16! Error itself: {"code":16,"details":"authentication header is missing","metadata":{"content-type":["application/grpc"],"grpc-status-details-bin":[{"type":"Buffer","data":[8,16,18,32,97,117,116,104,101,110,116,105,99,97,116,105,111,110,32,104,101,97,100,101,114,32,105,115,32,109,105,115,115,105,110,103,26,84,10,42,116,121,112,101,46,103,111,111,103,108,101,97,112,105,115,46,99,111,109,47,103,111,111,103,108,101,46,114,112,99,46,82,101,113,117,101,115,116,73,110,102,111,18,38,10,36,53,102,101,101,52,56,53,101,45,101,100,48,102,45,52,50,52,57,45,57,57,53,99,45,100,102,57,98,102,48,97,50,49,57,50,55]}],"x-request-id":["5fee485e-ed0f-4249-995c-df9bf0a21927"]}}

16 янв. 02:52:53.882
[YDB Query Error]: Unexpected transport error code 16! Error itself: {"code":16,"details":"authentication header is missing","metadata":{"content-type":["application/grpc"],"grpc-status-details-bin":[{"type":"Buffer","data":[8,16,18,32,97,117,116,104,101,110,116,105,99,97,116,105,111,110,32,104,101,97,100,101,114,32,105,115,32,109,105,115,115,105,110,103,26,84,10,42,116,121,112,101,46,103,111,111,103,108,101,97,112,105,115,46,99,111,109,47,103,111,111,103,108,101,46,114,112,99,46,82,101,113,117,101,115,116,73,110,102,111,18,38,10,36,53,102,101,101,52,56,53,101,45,101,100,48,102,45,52,50,52,57,45,57,57,53,99,45,100,102,57,98,102,48,97,50,49,57,50,55]}],"x-request-id":["5fee485e-ed0f-4249-995c-df9bf0a21927"]}}

16 янв. 02:52:53.882
[YDB Query Error]: Unexpected transport error code 16! Error itself: {"code":16,"details":"authentication header is missing","metadata":{"content-type":["application/grpc"],"grpc-status-details-bin":[{"type":"Buffer","data":[8,16,18,32,97,117,116,104,101,110,116,105,99,97,116,105,111,110,32,104,101,97,100,101,114,32,105,115,32,109,105,115,115,105,110,103,26,84,10,42,116,121,112,101,46,103,111,111,103,108,101,97,112,105,115,46,99,111,109,47,103,111,111,103,108,101,46,114,112,99,46,82,101,113,117,101,115,116,73,110,102,111,18,38,10,36,53,102,101,101,52,56,53,101,45,101,100,48,102,45,52,50,52,57,45,57,57,53,99,45,100,102,57,98,102,48,97,50,49,57,50,55]}],"x-request-id":["5fee485e-ed0f-4249-995c-df9bf0a21927"]}}

16 янв. 02:52:53.882
[YDB Query Error]: Unexpected transport error code 16! Error itself: {"code":16,"details":"authentication header is missing","metadata":{"content-type":["application/grpc"],"grpc-status-details-bin":[{"type":"Buffer","data":[8,16,18,32,97,117,116,104,101,110,116,105,99,97,116,105,111,110,32,104,101,97,100,101,114,32,105,115,32,109,105,115,115,105,110,103,26,84,10,42,116,121,112,101,46,103,111,111,103,108,101,97,112,105,115,46,99,111,109,47,103,111,111,103,108,101,46,114,112,99,46,82,101,113,117,101,115,116,73,110,102,111,18,38,10,36,53,102,101,101,52,56,53,101,45,101,100,48,102,45,52,50,52,57,45,57,57,53,99,45,100,102,57,98,102,48,97,50,49,57,50,55]}],"x-request-id":["5fee485e-ed0f-4249-995c-df9bf0a21927"]}}

16 янв. 02:52:53.882
[YDB Query Error]: Unexpected transport error code 16! Error itself: {"code":16,"details":"authentication header is missing","metadata":{"content-type":["application/grpc"],"grpc-status-details-bin":[{"type":"Buffer","data":[8,16,18,32,97,117,116,104,101,110,116,105,99,97,116,105,111,110,32,104,101,97,100,101,114,32,105,115,32,109,105,115,115,105,110,103,26,84,10,42,116,121,112,101,46,103,111,111,103,108,101,97,112,105,115,46,99,111,109,47,103,111,111,103,108,101,46,114,112,99,46,82,101,113,117,101,115,116,73,110,102,111,18,38,10,36,53,102,101,101,52,56,53,101,45,101,100,48,102,45,52,50,52,57,45,57,57,53,99,45,100,102,57,98,102,48,97,50,49,57,50,55]}],"x-request-id":["5fee485e-ed0f-4249-995c-df9bf0a21927"]}}

16 янв. 02:52:53.882
[YDB Query Error]: Unexpected transport error code 16! Error itself: {"code":16,"details":"authentication header is missing","metadata":{"content-type":["application/grpc"],"grpc-status-details-bin":[{"type":"Buffer","data":[8,16,18,32,97,117,116,104,101,110,116,105,99,97,116,105,111,110,32,104,101,97,100,101,114,32,105,115,32,109,105,115,115,105,110,103,26,84,10,42,116,121,112,101,46,103,111,111,103,108,101,97,112,105,115,46,99,111,109,47,103,111,111,103,108,101,46,114,112,99,46,82,101,113,117,101,115,116,73,110,102,111,18,38,10,36,53,102,101,101,52,56,53,101,45,101,100,48,102,45,52,50,52,57,45,57,57,53,99,45,100,102,57,98,102,48,97,50,49,57,50,55]}],"x-request-id":["5fee485e-ed0f-4249-995c-df9bf0a21927"]}}

16 янв. 02:52:53.882
[YDB Query Error]: Unexpected transport error code 16! Error itself: {"code":16,"details":"authentication header is missing","metadata":{"content-type":["application/grpc"],"grpc-status-details-bin":[{"type":"Buffer","data":[8,16,18,32,97,117,116,104,101,110,116,105,99,97,116,105,111,110,32,104,101,97,100,101,114,32,105,115,32,109,105,115,115,105,110,103,26,84,10,42,116,121,112,101,46,103,111,111,103,108,101,97,112,105,115,46,99,111,109,47,103,111,111,103,108,101,46,114,112,99,46,82,101,113,117,101,115,116,73,110,102,111,18,38,10,36,53,102,101,101,52,56,53,101,45,101,100,48,102,45,52,50,52,57,45,57,57,53,99,45,100,102,57,98,102,48,97,50,49,57,50,55]}],"x-request-id":["5fee485e-ed0f-4249-995c-df9bf0a21927"]}}

16 янв. 02:52:53.882
[YDB Query Error]: Unexpected transport error code 16! Error itself: {"code":16,"details":"authentication header is missing","metadata":{"content-type":["application/grpc"],"grpc-status-details-bin":[{"type":"Buffer","data":[8,16,18,32,97,117,116,104,101,110,116,105,99,97,116,105,111,110,32,104,101,97,100,101,114,32,105,115,32,109,105,115,115,105,110,103,26,84,10,42,116,121,112,101,46,103,111,111,103,108,101,97,112,105,115,46,99,111,109,47,103,111,111,103,108,101,46,114,112,99,46,82,101,113,117,101,115,116,73,110,102,111,18,38,10,36,53,102,101,101,52,56,53,101,45,101,100,48,102,45,52,50,52,57,45,57,57,53,99,45,100,102,57,98,102,48,97,50,49,57,50,55]}],"x-request-id":["5fee485e-ed0f-4249-995c-df9bf0a21927"]}}

16 янв. 02:52:53.882
[YDB Query Error]: Unexpected transport error code 16! Error itself: {"code":16,"details":"authentication header is missing","metadata":{"content-type":["application/grpc"],"grpc-status-details-bin":[{"type":"Buffer","data":[8,16,18,32,97,117,116,104,101,110,116,105,99,97,116,105,111,110,32,104,101,97,100,101,114,32,105,115,32,109,105,115,115,105,110,103,26,84,10,42,116,121,112,101,46,103,111,111,103,108,101,97,112,105,115,46,99,111,109,47,103,111,111,103,108,101,46,114,112,99,46,82,101,113,117,101,115,116,73,110,102,111,18,38,10,36,53,102,101,101,52,56,53,101,45,101,100,48,102,45,52,50,52,57,45,57,57,53,99,45,100,102,57,98,102,48,97,50,49,57,50,55]}],"x-request-id":["5fee485e-ed0f-4249-995c-df9bf0a21927"]}}

16 янв. 02:52:53.882
[YDB Query Error]: Unexpected transport error code 16! Error itself: {"code":16,"details":"authentication header is missing","metadata":{"content-type":["application/grpc"],"grpc-status-details-bin":[{"type":"Buffer","data":[8,16,18,32,97,117,116,104,101,110,116,105,99,97,116,105,111,110,32,104,101,97,100,101,114,32,105,115,32,109,105,115,115,105,110,103,26,84,10,42,116,121,112,101,46,103,111,111,103,108,101,97,112,105,115,46,99,111,109,47,103,111,111,103,108,101,46,114,112,99,46,82,101,113,117,101,115,116,73,110,102,111,18,38,10,36,53,102,101,101,52,56,53,101,45,101,100,48,102,45,52,50,52,57,45,57,57,53,99,45,100,102,57,98,102,48,97,50,49,57,50,55]}],"x-request-id":["5fee485e-ed0f-4249-995c-df9bf0a21927"]}}

16 янв. 02:52:53.882
[YDB Query Error]: Unexpected transport error code 16! Error itself: {"code":16,"details":"authentication header is missing","metadata":{"content-type":["application/grpc"],"grpc-status-details-bin":[{"type":"Buffer","data":[8,16,18,32,97,117,116,104,101,110,116,105,99,97,116,105,111,110,32,104,101,97,100,101,114,32,105,115,32,109,105,115,115,105,110,103,26,84,10,42,116,121,112,101,46,103,111,111,103,108,101,97,112,105,115,46,99,111,109,47,103,111,111,103,108,101,46,114,112,99,46,82,101,113,117,101,115,116,73,110,102,111,18,38,10,36,53,102,101,101,52,56,53,101,45,101,100,48,102,45,52,50,52,57,45,57,57,53,99,45,100,102,57,98,102,48,97,50,49,57,50,55]}],"x-request-id":["5fee485e-ed0f-4249-995c-df9bf0a21927"]}}

16 янв. 02:52:53.881
[YDB Query Error]: Unexpected transport error code 16! Error itself: {"code":16,"details":"authentication header is missing","metadata":{"content-type":["application/grpc"],"grpc-status-details-bin":[{"type":"Buffer","data":[8,16,18,32,97,117,116,104,101,110,116,105,99,97,116,105,111,110,32,104,101,97,100,101,114,32,105,115,32,109,105,115,115,105,110,103,26,84,10,42,116,121,112,101,46,103,111,111,103,108,101,97,112,105,115,46,99,111,109,47,103,111,111,103,108,101,46,114,112,99,46,82,101,113,117,101,115,116,73,110,102,111,18,38,10,36,53,102,101,101,52,56,53,101,45,101,100,48,102,45,52,50,52,57,45,57,57,53,99,45,100,102,57,98,102,48,97,50,49,57,50,55]}],"x-request-id":["5fee485e-ed0f-4249-995c-df9bf0a21927"]}}

16 янв. 02:52:53.881
[YDB Query Error]: Unexpected transport error code 16! Error itself: {"code":16,"details":"authentication header is missing","metadata":{"content-type":["application/grpc"],"grpc-status-details-bin":[{"type":"Buffer","data":[8,16,18,32,97,117,116,104,101,110,116,105,99,97,116,105,111,110,32,104,101,97,100,101,114,32,105,115,32,109,105,115,115,105,110,103,26,84,10,42,116,121,112,101,46,103,111,111,103,108,101,97,112,105,115,46,99,111,109,47,103,111,111,103,108,101,46,114,112,99,46,82,101,113,117,101,115,116,73,110,102,111,18,38,10,36,53,102,101,101,52,56,53,101,45,101,100,48,102,45,52,50,52,57,45,57,57,53,99,45,100,102,57,98,102,48,97,50,49,57,50,55]}],"x-request-id":["5fee485e-ed0f-4249-995c-df9bf0a21927"]}}

16 янв. 02:52:53.881
[YDB Query Error]: Unexpected transport error code 16! Error itself: {"code":16,"details":"authentication header is missing","metadata":{"content-type":["application/grpc"],"grpc-status-details-bin":[{"type":"Buffer","data":[8,16,18,32,97,117,116,104,101,110,116,105,99,97,116,105,111,110,32,104,101,97,100,101,114,32,105,115,32,109,105,115,115,105,110,103,26,84,10,42,116,121,112,101,46,103,111,111,103,108,101,97,112,105,115,46,99,111,109,47,103,111,111,103,108,101,46,114,112,99,46,82,101,113,117,101,115,116,73,110,102,111,18,38,10,36,53,102,101,101,52,56,53,101,45,101,100,48,102,45,52,50,52,57,45,57,57,53,99,45,100,102,57,98,102,48,97,50,49,57,50,55]}],"x-request-id":["5fee485e-ed0f-4249-995c-df9bf0a21927"]}}

16 янв. 02:52:53.881
[YDB Query Error]: Unexpected transport error code 16! Error itself: {"code":16,"details":"authentication header is missing","metadata":{"content-type":["application/grpc"],"grpc-status-details-bin":[{"type":"Buffer","data":[8,16,18,32,97,117,116,104,101,110,116,105,99,97,116,105,111,110,32,104,101,97,100,101,114,32,105,115,32,109,105,115,115,105,110,103,26,84,10,42,116,121,112,101,46,103,111,111,103,108,101,97,112,105,115,46,99,111,109,47,103,111,111,103,108,101,46,114,112,99,46,82,101,113,117,101,115,116,73,110,102,111,18,38,10,36,53,102,101,101,52,56,53,101,45,101,100,48,102,45,52,50,52,57,45,57,57,53,99,45,100,102,57,98,102,48,97,50,49,57,50,55]}],"x-request-id":["5fee485e-ed0f-4249-995c-df9bf0a21927"]}}

16 янв. 02:52:53.881
[YDB Query Error]: Unexpected transport error code 16! Error itself: {"code":16,"details":"authentication header is missing","metadata":{"content-type":["application/grpc"],"grpc-status-details-bin":[{"type":"Buffer","data":[8,16,18,32,97,117,116,104,101,110,116,105,99,97,116,105,111,110,32,104,101,97,100,101,114,32,105,115,32,109,105,115,115,105,110,103,26,84,10,42,116,121,112,101,46,103,111,111,103,108,101,97,112,105,115,46,99,111,109,47,103,111,111,103,108,101,46,114,112,99,46,82,101,113,117,101,115,116,73,110,102,111,18,38,10,36,53,102,101,101,52,56,53,101,45,101,100,48,102,45,52,50,52,57,45,57,57,53,99,45,100,102,57,98,102,48,97,50,49,57,50,55]}],"x-request-id":["5fee485e-ed0f-4249-995c-df9bf0a21927"]}}

16 янв. 02:52:53.881
[YDB Query Error]: Unexpected transport error code 16! Error itself: {"code":16,"details":"authentication header is missing","metadata":{"content-type":["application/grpc"],"grpc-status-details-bin":[{"type":"Buffer","data":[8,16,18,32,97,117,116,104,101,110,116,105,99,97,116,105,111,110,32,104,101,97,100,101,114,32,105,115,32,109,105,115,115,105,110,103,26,84,10,42,116,121,112,101,46,103,111,111,103,108,101,97,112,105,115,46,99,111,109,47,103,111,111,103,108,101,46,114,112,99,46,82,101,113,117,101,115,116,73,110,102,111,18,38,10,36,53,102,101,101,52,56,53,101,45,101,100,48,102,45,52,50,52,57,45,57,57,53,99,45,100,102,57,98,102,48,97,50,49,57,50,55]}],"x-request-id":["5fee485e-ed0f-4249-995c-df9bf0a21927"]}}

16 янв. 02:52:53.881
[YDB Query Error]: Unexpected transport error code 16! Error itself: {"code":16,"details":"authentication header is missing","metadata":{"content-type":["application/grpc"],"grpc-status-details-bin":[{"type":"Buffer","data":[8,16,18,32,97,117,116,104,101,110,116,105,99,97,116,105,111,110,32,104,101,97,100,101,114,32,105,115,32,109,105,115,115,105,110,103,26,84,10,42,116,121,112,101,46,103,111,111,103,108,101,97,112,105,115,46,99,111,109,47,103,111,111,103,108,101,46,114,112,99,46,82,101,113,117,101,115,116,73,110,102,111,18,38,10,36,53,102,101,101,52,56,53,101,45,101,100,48,102,45,52,50,52,57,45,57,57,53,99,45,100,102,57,98,102,48,97,50,49,57,50,55]}],"x-request-id":["5fee485e-ed0f-4249-995c-df9bf0a21927"]}}

16 янв. 02:52:53.881
[YDB Query Error]: Unexpected transport error code 16! Error itself: {"code":16,"details":"authentication header is missing","metadata":{"content-type":["application/grpc"],"grpc-status-details-bin":[{"type":"Buffer","data":[8,16,18,32,97,117,116,104,101,110,116,105,99,97,116,105,111,110,32,104,101,97,100,101,114,32,105,115,32,109,105,115,115,105,110,103,26,84,10,42,116,121,112,101,46,103,111,111,103,108,101,97,112,105,115,46,99,111,109,47,103,111,111,103,108,101,46,114,112,99,46,82,101,113,117,101,115,116,73,110,102,111,18,38,10,36,53,102,101,101,52,56,53,101,45,101,100,48,102,45,52,50,52,57,45,57,57,53,99,45,100,102,57,98,102,48,97,50,49,57,50,55]}],"x-request-id":["5fee485e-ed0f-4249-995c-df9bf0a21927"]}}

16 янв. 02:52:53.881
[YDB Query Error]: Unexpected transport error code 16! Error itself: {"code":16,"