

16 янв. 02:52:55.527
error running user code: exit status 1

16 янв. 02:52:55.527
unexpected error (running container) exit status 1

16 янв. 02:52:55.521
Node.js v20.20.0

16 янв. 02:52:55.521
at async descriptor.value (/app/node_modules/ydb-sdk/build/cjs/src/retries_obsoleted.js:137:20)

16 янв. 02:52:55.521
at process.processTicksAndRejections (node:internal/process/task_queues:95:5)

16 янв. 02:52:55.521
at RetryStrategy.retry (/app/node_modules/ydb-sdk/build/cjs/src/retries_obsoleted.js:90:49)

16 янв. 02:52:55.521
at TransportError.convertToYdbError (/app/node_modules/ydb-sdk/build/cjs/src/errors.js:334:20)

16 янв. 02:52:55.521
Error: Unexpected transport error code 16! Error itself: {"code":16,"details":"authentication header is missing","metadata":{"content-type":["application/grpc"],"grpc-status-details-bin":[{"type":"Buffer","data":[8,16,18,32,97,117,116,104,101,110,116,105,99,97,116,105,111,110,32,104,101,97,100,101,114,32,105,115,32,109,105,115,115,105,110,103,26,84,10,42,116,121,112,101,46,103,111,111,103,108,101,97,112,105,115,46,99,111,109,47,103,111,111,103,108,101,46,114,112,99,46,82,101,113,117,101,115,116,73,110,102,111,18,38,10,36,54,49,97,55,98,98,49,97,45,55,98,49,48,45,52,101,53,100,45,97,56,49,48,45,48,101,51,48,98,102,102,97,102,50,48,101]}],"x-request-id":["61a7bb1a-7b10-4e5d-a810-0e30bffaf20e"]}}

16 янв. 02:52:55.521
^

16 янв. 02:52:55.521
return new Error(`Unexpected transport error code ${e.code}! Error itself: ${errStr}`);

16 янв. 02:52:55.521
/app/node_modules/ydb-sdk/build/cjs/src/errors.js:334

16 янв. 02:52:55.519
11:52:55 PM [express] serving on port 5000

16 янв. 02:52:55.447
[YDB Query Error]: Unexpected transport error code 16! Error itself: {"code":16,"details":"authentication header is missing","metadata":{"content-type":["application/grpc"],"grpc-status-details-bin":[{"type":"Buffer","data":[8,16,18,32,97,117,116,104,101,110,116,105,99,97,116,105,111,110,32,104,101,97,100,101,114,32,105,115,32,109,105,115,115,105,110,103,26,84,10,42,116,121,112,101,46,103,111,111,103,108,101,97,112,105,115,46,99,111,109,47,103,111,111,103,108,101,46,114,112,99,46,82,101,113,117,101,115,116,73,110,102,111,18,38,10,36,54,49,97,55,98,98,49,97,45,55,98,49,48,45,52,101,53,100,45,97,56,49,48,45,48,101,51,48,98,102,102,97,102,50,48,101]}],"x-request-id":["61a7bb1a-7b10-4e5d-a810-0e30bffaf20e"]}}

16 янв. 02:52:55.447
[YDB Query Error]: Unexpected transport error code 16! Error itself: {"code":16,"details":"authentication header is missing","metadata":{"content-type":["application/grpc"],"grpc-status-details-bin":[{"type":"Buffer","data":[8,16,18,32,97,117,116,104,101,110,116,105,99,97,116,105,111,110,32,104,101,97,100,101,114,32,105,115,32,109,105,115,115,105,110,103,26,84,10,42,116,121,112,101,46,103,111,111,103,108,101,97,112,105,115,46,99,111,109,47,103,111,111,103,108,101,46,114,112,99,46,82,101,113,117,101,115,116,73,110,102,111,18,38,10,36,54,49,97,55,98,98,49,97,45,55,98,49,48,45,52,101,53,100,45,97,56,49,48,45,48,101,51,48,98,102,102,97,102,50,48,101]}],"x-request-id":["61a7bb1a-7b10-4e5d-a810-0e30bffaf20e"]}}

16 янв. 02:52:55.446
[YDB Query Error]: Unexpected transport error code 16! Error itself: {"code":16,"details":"authentication header is missing","metadata":{"content-type":["application/grpc"],"grpc-status-details-bin":[{"type":"Buffer","data":[8,16,18,32,97,117,116,104,101,110,116,105,99,97,116,105,111,110,32,104,101,97,100,101,114,32,105,115,32,109,105,115,115,105,110,103,26,84,10,42,116,121,112,101,46,103,111,111,103,108,101,97,112,105,115,46,99,111,109,47,103,111,111,103,108,101,46,114,112,99,46,82,101,113,117,101,115,116,73,110,102,111,18,38,10,36,54,49,97,55,98,98,49,97,45,55,98,49,48,45,52,101,53,100,45,97,56,49,48,45,48,101,51,48,98,102,102,97,102,50,48,101]}],"x-request-id":["61a7bb1a-7b10-4e5d-a810-0e30bffaf20e"]}}

16 янв. 02:52:55.446
[YDB Query Error]: Unexpected transport error code 16! Error itself: {"code":16,"details":"authentication header is missing","metadata":{"content-type":["application/grpc"],"grpc-status-details-bin":[{"type":"Buffer","data":[8,16,18,32,97,117,116,104,101,110,116,105,99,97,116,105,111,110,32,104,101,97,100,101,114,32,105,115,32,109,105,115,115,105,110,103,26,84,10,42,116,121,112,101,46,103,111,111,103,108,101,97,112,105,115,46,99,111,109,47,103,111,111,103,108,101,46,114,112,99,46,82,101,113,117,101,115,116,73,110,102,111,18,38,10,36,54,49,97,55,98,98,49,97,45,55,98,49,48,45,52,101,53,100,45,97,56,49,48,45,48,101,51,48,98,102,102,97,102,50,48,101]}],"x-request-id":["61a7bb1a-7b10-4e5d-a810-0e30bffaf20e"]}}

16 янв. 02:52:55.446
[YDB Query Error]: Unexpected transport error code 16! Error itself: {"code":16,"details":"authentication header is missing","metadata":{"content-type":["application/grpc"],"grpc-status-details-bin":[{"type":"Buffer","data":[8,16,18,32,97,117,116,104,101,110,116,105,99,97,116,105,111,110,32,104,101,97,100,101,114,32,105,115,32,109,105,115,115,105,110,103,26,84,10,42,116,121,112,101,46,103,111,111,103,108,101,97,112,105,115,46,99,111,109,47,103,111,111,103,108,101,46,114,112,99,46,82,101,113,117,101,115,116,73,110,102,111,18,38,10,36,54,49,97,55,98,98,49,97,45,55,98,49,48,45,52,101,53,100,45,97,56,49,48,45,48,101,51,48,98,102,102,97,102,50,48,101]}],"x-request-id":["61a7bb1a-7b10-4e5d-a810-0e30bffaf20e"]}}

16 янв. 02:52:55.446
[YDB Query Error]: Unexpected transport error code 16! Error itself: {"code":16,"details":"authentication header is missing","metadata":{"content-type":["application/grpc"],"grpc-status-details-bin":[{"type":"Buffer","data":[8,16,18,32,97,117,116,104,101,110,116,105,99,97,116,105,111,110,32,104,101,97,100,101,114,32,105,115,32,109,105,115,115,105,110,103,26,84,10,42,116,121,112,101,46,103,111,111,103,108,101,97,112,105,115,46,99,111,109,47,103,111,111,103,108,101,46,114,112,99,46,82,101,113,117,101,115,116,73,110,102,111,18,38,10,36,54,49,97,55,98,98,49,97,45,55,98,49,48,45,52,101,53,100,45,97,56,49,48,45,48,101,51,48,98,102,102,97,102,50,48,101]}],"x-request-id":["61a7bb1a-7b10-4e5d-a810-0e30bffaf20e"]}}

16 янв. 02:52:55.446
[YDB Query Error]: Unexpected transport error code 16! Error itself: {"code":16,"details":"authentication header is missing","metadata":{"content-type":["application/grpc"],"grpc-status-details-bin":[{"type":"Buffer","data":[8,16,18,32,97,117,116,104,101,110,116,105,99,97,116,105,111,110,32,104,101,97,100,101,114,32,105,115,32,109,105,115,115,105,110,103,26,84,10,42,116,121,112,101,46,103,111,111,103,108,101,97,112,105,115,46,99,111,109,47,103,111,111,103,108,101,46,114,112,99,46,82,101,113,117,101,115,116,73,110,102,111,18,38,10,36,54,49,97,55,98,98,49,97,45,55,98,49,48,45,52,101,53,100,45,97,56,49,48,45,48,101,51,48,98,102,102,97,102,50,48,101]}],"x-request-id":["61a7bb1a-7b10-4e5d-a810-0e30bffaf20e"]}}

16 янв. 02:52:55.446
[YDB Query Error]: Unexpected transport error code 16! Error itself: {"code":16,"details":"authentication header is missing","metadata":{"content-type":["application/grpc"],"grpc-status-details-bin":[{"type":"Buffer","data":[8,16,18,32,97,117,116,104,101,110,116,105,99,97,116,105,111,110,32,104,101,97,100,101,114,32,105,115,32,109,105,115,115,105,110,103,26,84,10,42,116,121,112,101,46,103,111,111,103,108,101,97,112,105,115,46,99,111,109,47,103,111,111,103,108,101,46,114,112,99,46,82,101,113,117,101,115,116,73,110,102,111,18,38,10,36,54,49,97,55,98,98,49,97,45,55,98,49,48,45,52,101,53,100,45,97,56,49,48,45,48,101,51,48,98,102,102,97,102,50,48,101]}],"x-request-id":["61a7bb1a-7b10-4e5d-a810-0e30bffaf20e"]}}

16 янв. 02:52:55.446
[YDB Query Error]: Unexpected transport error code 16! Error itself: {"code":16,"details":"authentication header is missing","metadata":{"content-type":["application/grpc"],"grpc-status-details-bin":[{"type":"Buffer","data":[8,16,18,32,97,117,116,104,101,110,116,105,99,97,116,105,111,110,32,104,101,97,100,101,114,32,105,115,32,109,105,115,115,105,110,103,26,84,10,42,116,121,112,101,46,103,111,111,103,108,101,97,112,105,115,46,99,111,109,47,103,111,111,103,108,101,46,114,112,99,46,82,101,113,117,101,115,116,73,110,102,111,18,38,10,36,54,49,97,55,98,98,49,97,45,55,98,49,48,45,52,101,53,100,45,97,56,49,48,45,48,101,51,48,98,102,102,97,102,50,48,101]}],"x-request-id":["61a7bb1a-7b10-4e5d-a810-0e30bffaf20e"]}}

16 янв. 02:52:55.446
[YDB Query Error]: Unexpected transport error code 16! Error itself: {"code":16,"details":"authentication header is missing","metadata":{"content-type":["application/grpc"],"grpc-status-details-bin":[{"type":"Buffer","data":[8,16,18,32,97,117,116,104,101,110,116,105,99,97,116,105,111,110,32,104,101,97,100,101,114,32,105,115,32,109,105,115,115,105,110,103,26,84,10,42,116,121,112,101,46,103,111,111,103,108,101,97,112,105,115,46,99,111,109,47,103,111,111,103,108,101,46,114,112,99,46,82,101,113,117,101,115,116,73,110,102,111,18,38,10,36,54,49,97,55,98,98,49,97,45,55,98,49,48,45,52,101,53,100,45,97,56,49,48,45,48,101,51,48,98,102,102,97,102,50,48,101]}],"x-request-id":["61a7bb1a-7b10-4e5d-a810-0e30bffaf20e"]}}

16 янв. 02:52:55.446
[YDB Query Error]: Unexpected transport error code 16! Error itself: {"code":16,"details":"authentication header is missing","metadata":{"content-type":["application/grpc"],"grpc-status-details-bin":[{"type":"Buffer","data":[8,16,18,32,97,117,116,104,101,110,116,105,99,97,116,105,111,110,32,104,101,97,100,101,114,32,105,115,32,109,105,115,115,105,110,103,26,84,10,42,116,121,112,101,46,103,111,111,103,108,101,97,112,105,115,46,99,111,109,47,103,111,111,103,108,101,46,114,112,99,46,82,101,113,117,101,115,116,73,110,102,111,18,38,10,36,54,49,97,55,98,98,49,97,45,55,98,49,48,45,52,101,53,100,45,97,56,49,48,45,48,101,51,48,98,102,102,97,102,50,48,101]}],"x-request-id":["61a7bb1a-7b10-4e5d-a810-0e30bffaf20e"]}}

16 янв. 02:52:55.446
[YDB Query Error]: Unexpected transport error code 16! Error itself: {"code":16,"details":"authentication header is missing","metadata":{"content-type":["application/grpc"],"grpc-status-details-bin":[{"type":"Buffer","data":[8,16,18,32,97,117,116,104,101,110,116,105,99,97,116,105,111,110,32,104,101,97,100,101,114,32,105,115,32,109,105,115,115,105,110,103,26,84,10,42,116,121,112,101,46,103,111,111,103,108,101,97,112,105,115,46,99,111,109,47,103,111,111,103,108,101,46,114,112,99,46,82,101,113,117,101,115,116,73,110,102,111,18,38,10,36,54,49,97,55,98,98,49,97,45,55,98,49,48,45,52,101,53,100,45,97,56,49,48,45,48,101,51,48,98,102,102,97,102,50,48,101]}],"x-request-id":["61a7bb1a-7b10-4e5d-a810-0e30bffaf20e"]}}

16 янв. 02:52:55.446
[YDB Query Error]: Unexpected transport error code 16! Error itself: {"code":16,"details":"authentication header is missing","metadata":{"content-type":["application/grpc"],"grpc-status-details-bin":[{"type":"Buffer","data":[8,16,18,32,97,117,116,104,101,110,116,105,99,97,116,105,111,110,32,104,101,97,100,101,114,32,105,115,32,109,105,115,115,105,110,103,26,84,10,42,116,121,112,101,46,103,111,111,103,108,101,97,112,105,115,46,99,111,109,47,103,111,111,103,108,101,46,114,112,99,46,82,101,113,117,101,115,116,73,110,102,111,18,38,10,36,54,49,97,55,98,98,49,97,45,55,98,49,48,45,52,101,53,100,45,97,56,49,48,45,48,101,51,48,98,102,102,97,102,50,48,101]}],"x-request-id":["61a7bb1a-7b10-4e5d-a810-0e30bffaf20e"]}}

16 янв. 02:52:55.446
[YDB Query Error]: Unexpected transport error code 16! Error itself: {"code":16,"details":"authentication header is missing","metadata":{"content-type":["application/grpc"],"grpc-status-details-bin":[{"type":"Buffer","data":[8,16,18,32,97,117,116,104,101,110,116,105,99,97,116,105,111,110,32,104,101,97,100,101,114,32,105,115,32,109,105,115,115,105,110,103,26,84,10,42,116,121,112,101,46,103,111,111,103,108,101,97,112,105,115,46,99,111,109,47,103,111,111,103,108,101,46,114,112,99,46,82,101,113,117,101,115,116,73,110,102,111,18,38,10,36,54,49,97,55,98,98,49,97,45,55,98,49,48,45,52,101,53,100,45,97,56,49,48,45,48,101,51,48,98,102,102,97,102,50,48,101]}],"x-request-id":["61a7bb1a-7b10-4e5d-a810-0e30bffaf20e"]}}

16 янв. 02:52:55.446
[YDB Query Error]: Unexpected transport error code 16! Error itself: {"code":16,"details":"authentication header is missing","metadata":{"content-type":["application/grpc"],"grpc-status-details-bin":[{"type":"Buffer","data":[8,16,18,32,97,117,116,104,101,110,116,105,99,97,116,105,111,110,32,104,101,97,100,101,114,32,105,115,32,109,105,115,115,105,110,103,26,84,10,42,116,121,112,101,46,103,111,111,103,108,101,97,112,105,115,46,99,111,109,47,103,111,111,103,108,101,46,114,112,99,46,82,101,113,117,101,115,116,73,110,102,111,18,38,10,36,54,49,97,55,98,98,49,97,45,55,98,49,48,45,52,101,53,100,45,97,56,49,48,45,48,101,51,48,98,102,102,97,102,50,48,101]}],"x-request-id":["61a7bb1a-7b10-4e5d-a810-0e30bffaf20e"]}}

16 янв. 02:52:55.446
[YDB Query Error]: Unexpected transport error code 16! Error itself: {"code":16,"details":"authentication header is missing","metadata":{"content-type":["application/grpc"],"grpc-status-details-bin":[{"type":"Buffer","data":[8,16,18,32,97,117,116,104,101,110,116,105,99,97,116,105,111,110,32,104,101,97,100,101,114,32,105,115,32,109,105,115,115,105,110,103,26,84,10,42,116,121,112,101,46,103,111,111,103,108,101,97,112,105,115,46,99,111,109,47,103,111,111,103,108,101,46,114,112,99,46,82,101,113,117,101,115,116,73,110,102,111,18,38,10,36,54,49,97,55,98,98,49,97,45,55,98,49,48,45,52,101,53,100,45,97,56,49,48,45,48,101,51,48,98,102,102,97,102,50,48,101]}],"x-request-id":["61a7bb1a-7b10-4e5d-a810-0e30bffaf20e"]}}

16 янв. 02:52:55.446
[YDB Query Error]: Unexpected transport error code 16! Error itself: {"code":16,"details":"authentication header is missing","metadata":{"content-type":["application/grpc"],"grpc-status-details-bin":[{"type":"Buffer","data":[8,16,18,32,97,117,116,104,101,110,116,105,99,97,116,105,111,110,32,104,101,97,100,101,114,32,105,115,32,109,105,115,115,105,110,103,26,84,10,42,116,121,112,101,46,103,111,111,103,108,101,97,112,105,115,46,99,111,109,47,103,111,111,103,108,101,46,114,112,99,46,82,101,113,117,101,115,116,73,110,102,111,18,38,10,36,54,49,97,55,98,98,49,97,45,55,98,49,48,45,52,101,53,100,45,97,56,49,48,45,48,101,51,48,98,102,102,97,102,50,48,101]}],"x-request-id":["61a7bb1a-7b10-4e5d-a810-0e30bffaf20e"]}}

16 янв. 02:52:55.445
[YDB Query Error]: Unexpected transport error code 16! Error itself: {"code":16,"details":"authentication header is missing","metadata":{"content-type":["application/grpc"],"grpc-status-details-bin":[{"type":"Buffer","data":[8,16,18,32,97,117,116,104,101,110,116,105,99,97,116,105,111,110,32,104,101,97,100,101,114,32,105,115,32,109,105,115,115,105,110,103,26,84,10,42,116,121,112,101,46,103,111,111,103,108,101,97,112,105,115,46,99,111,109,47,103,111,111,103,108,101,46,114,112,99,46,82,101,113,117,101,115,116,73,110,102,111,18,38,10,36,54,49,97,55,98,98,49,97,45,55,98,49,48,45,52,101,53,100,45,97,56,49,48,45,48,101,51,48,98,102,102,97,102,50,48,101]}],"x-request-id":["61a7bb1a-7b10-4e5d-a810-0e30bffaf20e"]}}

16 янв. 02:52:55.445
[YDB Query Error]: Unexpected transport error code 16! Error itself: {"code":16,"details":"authentication header is missing","metadata":{"content-type":["application/grpc"],"grpc-status-details-bin":[{"type":"Buffer","data":[8,16,18,32,97,117,116,104,101,110,116,105,99,97,116,105,111,110,32,104,101,97,100,101,114,32,105,115,32,109,105,115,115,105,110,103,26,84,10,42,116,121,112,101,46,103,111,111,103,108,101,97,112,105,115,46,99,111,109,47,103,111,111,103,108,101,46,114,112,99,46,82,101,113,117,101,115,116,73,110,102,111,18,38,10,36,54,49,97,55,98,98,49,97,45,55,98,49,48,45,52,101,53,100,45,97,56,49,48,45,48,101,51,48,98,102,102,97,102,50,48,101]}],"x-request-id":["61a7bb1a-7b10-4e5d-a810-0e30bffaf20e"]}}

16 янв. 02:52:55.445
[YDB Query Error]: Unexpected transport error code 16! Error itself: {"code":16,"details":"authentication header is missing","metadata":{"content-type":["application/grpc"],"grpc-status-details-bin":[{"type":"Buffer","data":[8,16,18,32,97,117,116,104,101,110,116,105,99,97,116,105,111,110,32,104,101,97,100,101,114,32,105,115,32,109,105,115,115,105,110,103,26,84,10,42,116,121,112,101,46,103,111,111,103,108,101,97,112,105,115,46,99,111,109,47,103,111,111,103,108,101,46,114,112,99,46,82,101,113,117,101,115,116,73,110,102,111,18,38,10,36,54,49,97,55,98,98,49,97,45,55,98,49,48,45,52,101,53,100,45,97,56,49,48,45,48,101,51,48,98,102,102,97,102,50,48,101]}],"x-request-id":["61a7bb1a-7b10-4e5d-a810-0e30bffaf20e"]}}

16 янв. 02:52:55.445
[YDB Query Error]: Unexpected transport error code 16! Error itself: {"code":16,"details":"authentication header is missing","metadata":{"content-type":["application/grpc"],"grpc-status-details-bin":[{"type":"Buffer","data":[8,16,18,32,97,117,116,104,101,110,116,105,99,97,116,105,111,110,32,104,101,97,100,101,114,32,105,115,32,109,105,115,115,105,110,103,26,84,10,42,116,121,112,101,46,103,111,111,103,108,101,97,112,105,115,46,99,111,109,47,103,111,111,103,108,101,46,114,112,99,46,82,101,113,117,101,115,116,73,110,102,111,18,38,10,36,54,49,97,55,98,98,49,97,45,55,98,49,48,45,52,101,53,100,45,97,56,49,48,45,48,101,51,48,98,102,102,97,102,50,48,101]}],"x-request-id":["61a7bb1a-7b10-4e5d-a810-0e30bffaf20e"]}}

16 янв. 02:52:55.445
[YDB Query Error]: Unexpected transport error code 16! Error itself: {"code":16,"details":"authentication header is missing","metadata":{"content-type":["application/grpc"],"grpc-status-details-bin":[{"type":"Buffer","data":[8,16,18,32,97,117,116,104,101,110,116,105,99,97,116,105,111,110,32,104,101,97,100,101,114,32,105,115,32,109,105,115,115,105,110,103,26,84,10,42,116,121,112,101,46,103,111,111,103,108,101,97,112,105,115,46,99,111,109,47,103,111,111,103,108,101,46,114,112,99,46,82,101,113,117,101,115,116,73,110,102,111,18,38,10,36,54,49,97,55,98,98,49,97,45,55,98,49,48,45,52,101,53,100,45,97,56,49,48,45,48,101,51,48,98,102,102,97,102,50,48,101]}],"x-request-id":["61a7bb1a-7b10-4e5d-a810-0e30bffaf20e"]}}

16 янв. 02:52:55.445
[YDB Query Error]: Unexpected transport error code 16! Error itself: {"code":16,"details":"authentication header is missing","metadata":{"content-type":["application/grpc"],"grpc-status-details-bin":[{"type":"Buffer","data":[8,16,18,32,97,117,116,104,101,110,116,105,99,97,116,105,111,110,32,104,101,97,100,101,114,32,105,115,32,109,105,115,115,105,110,103,26,84,10,42,116,121,112,101,46,103,111,111,103,108,101,97,112,105,115,46,99,111,109,47,103,111,111,103,108,101,46,114,112,99,46,82,101,113,117,101,115,116,73,110,102,111,18,38,10,36,54,49,97,55,98,98,49,97,45,55,98,49,48,45,52,101,53,100,45,97,56,49,48,45,48,101,51,48,98,102,102,97,102,50,48,101]}],"x-request-id":["61a7bb1a-7b10-4e5d-a810-0e30bffaf20e"]}}

16 янв. 02:52:55.445
[YDB Query Error]: Unexpected transport error code 16! Error itself: {"code":16,"details":"authentication header is missing","metadata":{"content-type":["application/grpc"],"grpc-status-details-bin":[{"type":"Buffer","data":[8,16,18,32,97,117,116,104,101,110,116,105,99,97,116,105,111,110,32,104,101,97,100,101,114,32,105,115,32,109,105,115,115,105,110,103,26,84,10,42,116,121,112,101,46,103,111,111,103,108,101,97,112,105,115,46,99,111,109,47,103,111,111,103,108,101,46,114,112,99,46,82,101,113,117,101,115,116,73,110,102,111,18,38,10,36,54,49,97,55,98,98,49,97,45,55,98,49,48,45,52,101,53,100,45,97,56,49,48,45,48,101,51,48,98,102,102,97,102,50,48,101]}],"x-request-id":["61a7bb1a-7b10-4e5d-a810-0e30bffaf20e"]}}

16 янв. 02:52:55.445
[YDB Query Error]: Unexpected transport error code 16! Error itself: {"code":16,"details":"authentication header is missing","metadata":{"content-type":["application/grpc"],"grpc-status-details-bin":[{"type":"Buffer","data":[8,16,18,32,97,117,116,104,101,110,116,105,99,97,116,105,111,110,32,104,101,97,100,101,114,32,105,115,32,109,105,115,115,105,110,103,26,84,10,42,116,121,112,101,46,103,111,111,103,108,101,97,112,105,115,46,99,111,109,47,103,111,111,103,108,101,46,114,112,99,46,82,101,113,117,101,115,116,73,110,102,111,18,38,10,36,54,49,97,55,98,98,49,97,45,55,98,49,48,45,52,101,53,100,45,97,56,49,48,45,48,101,51,48,98,102,102,97,102,50,48,101]}],"x-request-id":["61a7bb1a-7b10-4e5d-a810-0e30bffaf20e"]}}

16 янв. 02:52:55.445
[YDB Query Error]: Unexpected transport error code 16! Error itself: {"code":16,"details":"authentication header is missing","metadata":{"content-type":["application/grpc"],"grpc-status-details-bin":[{"type":"Buffer","data":[8,16,18,32,97,117,116,104,101,110,116,105,99,97,116,105,111,110,32,104,101,97,100,101,114,32,105,115,32,109,105,115,115,105,110,103,26,84,10,42,116,121,112,101,46,103,111,111,103,108,101,97,112,105,115,46,99,111,109,47,103,111,111,103,108,101,46,114,112,99,46,82,101,113,117,101,115,116,73,110,102,111,18,38,10,36,54,49,97,55,98,98,49,97,45,55,98,49,48,45,52,101,53,100,45,97,56,49,48,45,48,101,51,48,98,102,102,97,102,50,48,101]}],"x-request-id":["61a7bb1a-7b10-4e5d-a810-0e30bffaf20e"]}}

16 янв. 02:52:55.445
[YDB Query Error]: Unexpected transport error code 16! Error itself: {"code":16,"details":"authentication header is missing","metadata":{"content-type":["application/grpc"],"grpc-status-details-bin":[{"type":"Buffer","data":[8,16,18,32,97,117,116,104,101,110,116,105,99,97,116,105,111,110,32,104,101,97,100,101,114,32,105,115,32,109,105,115,115,105,110,103,26,84,10,42,116,121,112,101,46,103,111,111,103,108,101,97,112,105,115,46,99,111,109,47,103,111,111,103,108,101,46,114,112,99,46,82,101,113,117,101,115,116,73,110,102,111,18,38,10,36,54,49,97,55,98,98,49,97,45,55,98,49,48,45,52,101,53,100,45,97,56,49,48,45,48,101,51,48,98,102,102,97,102,50,48,101]}],"x-request-id":["61a7bb1a-7b10-4e5d-a810-0e30bffaf20e"]}}

16 янв. 02:52:55.445
[YDB Query Error]: Unexpected transport error code 16! Error itself: {"code":16,"details":"authentication header is missing","metadata":{"content-type":["application/grpc"],"grpc-status-details-bin":[{"type":"Buffer","data":[8,16,18,32,97,117,116,104,101,110,116,105,99,97,116,105,111,110,32,104,101,97,100,101,114,32,105,115,32,109,105,115,115,105,110,103,26,84,10,42,116,121,112,101,46,103,111,111,103,108,101,97,112,105,115,46,99,111,109,47,103,111,111,103,108,101,46,114,112,99,46,82,101,113,117,101,115,116,73,110,102,111,18,38,10,36,54,49,97,55,98,98,49,97,45,55,98,49,48,45,52,101,53,100,45,97,56,49,48,45,48,101,51,48,98,102,102,97,102,50,48,101]}],"x-request-id":["61a7bb1a-7b10-4e5d-a810-0e30bffaf20e"]}}

16 янв. 02:52:55.445
[YDB Query Error]: Unexpected transport error code 16! Error itself: {"code":16,"details":"authentication header is missing","metadata":{"content-type":["application/grpc"],"grpc-status-details-bin":[{"type":"Buffer","data":[8,16,18,32,97,117,116,104,101,110,116,105,99,97,116,105,111,110,32,104,101,97,100,101,114,32,105,115,32,109,105,115,115,105,110,103,26,84,10,42,116,121,112,101,46,103,111,111,103,108,101,97,112,105,115,46,99,111,109,47,103,111,111,103,108,101,46,114,112,99,46,82,101,113,117,101,115,116,73,110,102,111,18,38,10,36,54,49,97,55,98,98,49,97,45,55,98,49,48,45,52,101,53,100,45,97,56,49,48,45,48,101,51,48,98,102,102,97,102,50,48,101]}],"x-request-id":["61a7bb1a-7b10-4e5d-a810-0e30bffaf20e"]}}

16 янв. 02:52:55.445
[YDB Query Error]: Unexpected transport error code 16! Error itself: {"code":16,"details":"authentication header is missing","metadata":{"content-type":["application/grpc"],"grpc-status-details-bin":[{"type":"Buffer","data":[8,16,18,32,97,117,116,104,101,110,116,105,99,97,116,105,111,110,32,104,101,97,100,101,114,32,105,115,32,109,105,115,115,105,110,103,26,84,10,42,116,121,112,101,46,103,111,111,103,108,101,97,112,105,115,46,99,111,109,47,103,111,111,103,108,101,46,114,112,99,46,82,101,113,117,101,115,116,73,110,102,111,18,38,10,36,54,49,97,55,98,98,49,97,45,55,98,49,48,45,52,101,53,100,45,97,56,49,48,45,48,101,51,48,98,102,102,97,102,50,48,101]}],"x-request-id":["61a7bb1a-7b10-4e5d-a810-0e30bffaf20e"]}}

16 янв. 02:52:55.445
[YDB Query Error]: Unexpected transport error code 16! Error itself: {"code":16,"details":"authentication header is missing","metadata":{"content-type":["application/grpc"],"grpc-status-details-bin":[{"type":"Buffer","data":[8,16,18,32,97,117,116,104,101,110,116,105,99,97,116,105,111,110,32,104,101,97,100,101,114,32,105,115,32,109,105,115,115,105,110,103,26,84,10,42,116,121,112,101,46,103,111,111,103,108,101,97,112,105,115,46,99,111,109,47,103,111,111,103,108,101,46,114,112,99,46,82,101,113,117,101,115,116,73,110,102,111,18,38,10,36,54,49,97,55,98,98,49,97,45,55,98,49,48,45,52,101,53,100,45,97,56,49,48,45,48,101,51,48,98,102,102,97,102,50,48,101]}],"x-request-id":["61a7bb1a-7b10-4e5d-a810-0e30bffaf20e"]}}

16 янв. 02:52:55.445
[YDB Query Error]: Unexpected transport error code 16! Error itself: {"code":16,"details":"authentication header is missing","metadata":{"content-type":["application/grpc"],"grpc-status-details-bin":[{"type":"Buffer","data":[8,16,18,32,97,117,116,104,101,110,116,105,99,97,116,105,111,110,32,104,101,97,100,101,114,32,105,115,32,109,105,115,115,105,110,103,26,84,10,42,116,121,112,101,46,103,111,111,103,108,101,97,112,105,115,46,99,111,109,47,103,111,111,103,108,101,46,114,112,99,46,82,101,113,117,101,115,116,73,110,102,111,18,38,10,36,54,49,97,55,98,98,49,97,45,55,98,49,48,45,52,101,53,100,45,97,56,49,48,45,48,101,51,48,98,102,102,97,102,50,48,101]}],"x-request-id":["61a7bb1a-7b10-4e5d-a810-0e30bffaf20e"]}}

16 янв. 02:52:55.445
[YDB Query Error]: Unexpected transport error code 16! Error itself: {"code":16,"details":"authentication header is missing","metadata":{"content-type":["application/grpc"],"grpc-status-details-bin":[{"type":"Buffer","data":[8,16,18,32,97,117,116,104,101,110,116,105,99,97,116,105,111,110,32,104,101,97,100,101,114,32,105,115,32,109,105,115,115,105,110,103,26,84,10,42,116,121,112,101,46,103,111,111,103,108,101,97,112,105,115,46,99,111,109,47,103,111,111,103,108,101,46,114,112,99,46,82,101,113,117,101,115,116,73,110,102,111,18,38,10,36,54,49,97,55,98,98,49,97,45,55,98,49,48,45,52,101,53,100,45,97,56,49,48,45,48,101,51,48,98,102,102,97,102,50,48,101]}],"x-request-id":["61a7bb1a-7b10-4e5d-a810-0e30bffaf20e"]}}

16 янв. 02:52:55.445
[YDB Query Error]: Unexpected transport error code 16! Error itself: {"code":16,"details":"authentication header is missing","metadata":{"content-type":["application/grpc"],"grpc-status-details-bin":[{"type":"Buffer","data":[8,16,18,32,97,117,116,104,101,110,116,105,99,97,116,105,111,110,32,104,101,97,100,101,114,32,105,115,32,109,105,115,115,105,110,103,26,84,10,42,116,121,112,101,46,103,111,111,103,108,101,97,112,105,115,46,99,111,109,47,103,111,111,103,108,101,46,114,112,99,46,82,101,113,117,101,115,116,73,110,102,111,18,38,10,36,54,49,97,55,98,98,49,97,45,55,98,49,48,45,52,101,53,100,45,97,56,49,48,45,48,101,51,48,98,102,102,97,102,50,48,101]}],"x-request-id":["61a7bb1a-7b10-4e5d-a810-0e30bffaf20e"]}}

16 янв. 02:52:55.445
[YDB Query Error]: Unexpected transport error code 16! Error itself: {"code":16,"details":"authentication header is missing","metadata":{"content-type":["application/grpc"],"grpc-status-details-bin":[{"type":"Buffer","data":[8,16,18,32,97,117,116,104,101,110,116,105,99,97,116,105,111,110,32,104,101,97,100,101,114,32,105,115,32,109,105,115,115,105,110,103,26,84,10,42,116,121,112,101,46,103,111,111,103,108,101,97,112,105,115,46,99,111,109,47,103,111,111,103,108,101,46,114,112,99,46,82,101,113,117,101,115,116,73,110,102,111,18,38,10,36,54,49,97,55,98,98,49,97,45,55,98,49,48,45,52,101,53,100,45,97,56,49,48,45,48,101,51,48,98,102,102,97,102,50,48,101]}],"x-request-id":["61a7bb1a-7b10-4e5d-a810-0e30bffaf20e"]}}

16 янв. 02:52:55.445
[YDB Query Error]: Unexpected transport error code 16! Error itself: {"code":16,"details":"authentication header is missing","metadata":{"content-type":["application/grpc"],"grpc-status-details-bin":[{"type":"Buffer","data":[8,16,18,32,97,117,116,104,101,110,116,105,99,97,116,105,111,110,32,104,101,97,100,101,114,32,105,115,32,109,105,115,115,105,110,103,26,84,10,42,116,121,112,101,46,103,111,111,103,108,101,97,112,105,115,46,99,111,109,47,103,111,111,103,108,101,46,114,112,99,46,82,101,113,117,101,115,116,73,110,102,111,18,38,10,36,54,49,97,55,98,98,49,97,45,55,98,49,48,45,52,101,53,100,45,97,56,49,48,45,48,101,51,48,98,102,102,97,102,50,48,101]}],"x-request-id":["61a7bb1a-7b10-4e5d-a810-0e30bffaf20e"]}}

16 янв. 02:52:55.445
[YDB Query Error]: Unexpected transport error code 16! Error itself: {"code":16,"details":"authentication header is missing","metadata":{"content-type":["application/grpc"],"grpc-status-details-bin":[{"type":"Buffer","data":[8,16,18,32,97,117,116,104,101,110,116,105,99,97,116,105,111,110,32,104,101,97,100,101,114,32,105,115,32,109,105,115,115,105,110,103,26,84,10,42,116,121,112,101,46,103,111,111,103,108,101,97,112,105,115,46,99,111,109,47,103,111,111,103,108,101,46,114,112,99,46,82,101,113,117,101,115,116,73,110,102,111,18,38,10,36,54,49,97,55,98,98,49,97,45,55,98,49,48,45,52,101,53,100,45,97,56,49,48,45,48,101,51,48,98,102,102,97,102,50,48,101]}],"x-request-id":["61a7bb1a-7b10-4e5d-a810-0e30bffaf20e"]}}

16 янв. 02:52:55.444
[YDB Query Error]: Unexpected transport error code 16! Error itself: {"code":16,"details":"authentication header is missing","metadata":{"content-type":["application/grpc"],"grpc-status-details-bin":[{"type":"Buffer","data":[8,16,18,32,97,117,116,104,101,110,116,105,99,97,116,105,111,110,32,104,101,97,100,101,114,32,105,115,32,109,105,115,115,105,110,103,26,84,10,42,116,121,112,101,46,103,111,111,103,108,101,97,112,105,115,46,99,111,109,47,103,111,111,103,108,101,46,114,112,99,46,82,101,113,117,101,115,116,73,110,102,111,18,38,10,36,54,49,97,55,98,98,49,97,45,55,98,49,48,45,52,101,53,100,45,97,56,49,48,45,48,101,51,48,98,102,102,97,102,50,48,101]}],"x-request-id":["61a7bb1a-7b10-4e5d-a810-0e30bffaf20e"]}}

16 янв. 02:52:55.444
[YDB Query Error]: Unexpected transport error code 16! Error itself: {"code":16,"details":"authentication header is missing","metadata":{"content-type":["application/grpc"],"grpc-status-details-bin":[{"type":"Buffer","data":[8,16,18,32,97,117,116,104,101,110,116,105,99,97,116,105,111,110,32,104,101,97,100,101,114,32,105,115,32,109,105,115,115,105,110,103,26,84,10,42,116,121,112,101,46,103,111,111,103,108,101,97,112,105,115,46,99,111,109,47,103,111,111,103,108,101,46,114,112,99,46,82,101,113,117,101,115,116,73,110,102,111,18,38,10,36,54,49,97,55,98,98,49,97,45,55,98,49,48,45,52,101,53,100,45,97,56,49,48,45,48,101,51,48,98,102,102,97,102,50,48,101]}],"x-request-id":["61a7bb1a-7b10-4e5d-a810-0e30bffaf20e"]}}

16 янв. 02:52:55.444
[YDB Query Error]: Unexpected transport error code 16! Error itself: {"code":16,"details":"authentication header is missing","metadata":{"content-type":["application/grpc"],"grpc-status-details-bin":[{"type":"Buffer","data":[8,16,18,32,97,117,116,104,101,110,116,105,99,97,116,105,111,110,32,104,101,97,100,101,114,32,105,115,32,109,105,115,115,105,110,103,26,84,10,42,116,121,112,101,46,103,111,111,103,108,101,97,112,105,115,46,99,111,109,47,103,111,111,103,108,101,46,114,112,99,46,82,101,113,117,101,115,116,73,110,102,111,18,38,10,36,54,49,97,55,98,98,49,97,45,55,98,49,48,45,52,101,53,100,45,97,56,49,48,45,48,101,51,48,98,102,102,97,102,50,48,101]}],"x-request-id":["61a7bb1a-7b10-4e5d-a810-0e30bffaf20e"]}}

16 янв. 02:52:55.444
[YDB Query Error]: Unexpected transport error code 16! Error itself: {"code":16,"details":"authentication header is missing","metadata":{"content-type":["application/grpc"],"grpc-status-details-bin":[{"type":"Buffer","data":[8,16,18,32,97,117,116,104,101,110,116,105,99,97,116,105,111,110,32,104,101,97,100,101,114,32,105,115,32,109,105,115,115,105,110,103,26,84,10,42,116,121,112,101,46,103,111,111,103,108,101,97,112,105,115,46,99,111,109,47,103,111,111,103,108,101,46,114,112,99,46,82,101,113,117,101,115,116,73,110,102,111,18,38,10,36,54,49,97,55,98,98,49,97,45,55,98,49,48,45,52,101,53,100,45,97,56,49,48,45,48,101,51,48,98,102,102,97,102,50,48,101]}],"x-request-id":["61a7bb1a-7b10-4e5d-a810-0e30bffaf20e"]}}

16 янв. 02:52:55.444
[YDB Query Error]: Unexpected transport error code 16! Error itself: {"code":16,"details":"authentication header is missing","metadata":{"content-type":["application/grpc"],"grpc-status-details-bin":[{"type":"Buffer","data":[8,16,18,32,97,117,116,104,101,110,116,105,99,97,116,105,111,110,32,104,101,97,100,101,114,32,105,115,32,109,105,115,115,105,110,103,26,84,10,42,116,121,112,101,46,103,111,111,103,108,101,97,112,105,115,46,99,111,109,47,103,111,111,103,108,101,46,114,112,99,46,82,101,113,117,101,115,116,73,110,102,111,18,38,10,36,54,49,97,55,98,98,49,97,45,55,98,49,48,45,52,101,53,100,45,97,56,49,48,45,48,101,51,48,98,102,102,97,102,50,48,101]}],"x-request-id":["61a7bb1a-7b10-4e5d-a810-0e30bffaf20e"]}}

16 янв. 02:52:55.444
[YDB Query Error]: Unexpected transport error code 16! Error itself: {"code":16,"details":"authentication header is missing","metadata":{"content-type":["application/grpc"],"grpc-status-details-bin":[{"type":"Buffer","data":[8,16,18,32,97,117,116,104,101,110,116,105,99,97,116,105,111,110,32,104,101,97,100,101,114,32,105,115,32,109,105,115,115,105,110,103,26,84,10,42,116,121,112,101,46,103,111,111,103,108,101,97,112,105,115,46,99,111,109,47,103,111,111,103,108,101,46,114,112,99,46,82,101,113,117,101,115,116,73,110,102,111,18,38,10,36,54,49,97,55,98,98,49,97,45,55,98,49,48,45,52,101,53,100,45,97,56,49,48,45,48,101,51,48,98,102,102,97,102,50,48,101]}],"x-request-id":["61a7bb1a-7b10-4e5d-a810-0e30bffaf20e"]}}

16 янв. 02:52:55.444
[YDB Query Error]: Unexpected transport error code 16! Error itself: {"code":16,"details":"authentication header is missing","metadata":{"content-type":["application/grpc"],"grpc-status-details-bin":[{"type":"Buffer","data":[8,16,18,32,97,117,116,104,101,110,116,105,99,97,116,105,111,110,32,104,101,97,100,101,114,32,105,115,32,109,105,115,115,105,110,103,26,84,10,42,116,121,112,101,46,103,111,111,103,108,101,97,112,105,115,46,99,111,109,47,103,111,111,103,108,101,46,114,112,99,46,82,101,113,117,101,115,116,73,110,102,111,18,38,10,36,54,49,97,55,98,98,49,97,45,55,98,49,48,45,52,101,53,100,45,97,56,49,48,45,48,101,51,48,98,102,102,97,102,50,48,101]}],"x-request-id":["61a7bb1a-7b10-4e5d-a810-0e30bffaf20e"]}}

16 янв. 02:52:55.444
[YDB Query Error]: Unexpected transport error code 16! Error itself: {"code":16,"details":"authentication header is missing","metadata":{"content-type":["application/grpc"],"grpc-status-details-bin":[{"type":"Buffer","data":[8,16,18,32,97,117,116,104,101,110,116,105,99,97,116,105,111,110,32,104,101,97,100,101,114,32,105,115,32,109,105,115,115,105,110,103,26,84,10,42,116,121,112,101,46,103,111,111,103,108,101,97,112,105,115,46,99,111,109,47,103,111,111,103,108,101,46,114,112,99,46,82,101,113,117,101,115,116,73,110,102,111,18,38,10,36,54,49,97,55,98,98,49,97,45,55,98,49,48,45,52,101,53,100,45,97,56,49,48,45,48,101,51,48,98,102,102,97,102,50,48,101]}],"x-request-id":["61a7bb1a-7b10-4e5d-a810-0e30bffaf20e"]}}

16 янв. 02:52:55.444
[YDB Query Error]: Unexpected transport error code 16! Error itself: {"code":16,"details":"authentication header is missing","metadata":{"content-type":["application/grpc"],"grpc-status-details-bin":[{"type":"Buffer","data":[8,16,18,32,97,117,116,104,101,110,116,105,99,97,116,105,111,110,32,104,101,97,100,101,114,32,105,115,32,109,105,115,115,105,110,103,26,84,10,42,116,121,112,101,46,103,111,111,103,108,101,97,112,105,115,46,99,111,109,47,103,111,111,103,108,101,46,114,112,99,46,82,101,113,117,101,115,116,73,110,102,111,18,38,10,36,54,49,97,55,98,98,49,97,45,55,98,49,48,45,52,101,53,100,45,97,56,49,48,45,48,101,51,48,98,102,102,97,102,50,48,101]}],"x-request-id":["61a7bb1a-7b10-4e5d-a810-0e30bffaf20e"]}}

16 янв. 02:52:55.444
[YDB Query Error]: Unexpected transport error code 16! Error itself: {"code":16,"details":"authentication header is missing","metadata":{"content-type":["application/grpc"],"grpc-status-details-bin":[{"type":"Buffer","data":[8,16,18,32,97,117,116,104,101,110,116,105,99,97,116,105,111,110,32,104,101,97,100,101,114,32,105,115,32,109,105,115,115,105,110,103,26,84,10,42,116,121,112,101,46,103,111,111,103,108,101,97,112,105,115,46,99,111,109,47,103,111,111,103,108,101,46,114,112,99,46,82,101,113,117,101,115,116,73,110,102,111,18,38,10,36,54,49,97,55,98,98,49,97,45,55,98,49,48,45,52,101,53,100,45,97,56,49,48,45,48,101,51,48,98,102,102,97,102,50,48,101]}],"x-request-id":["61a7bb1a-7b10-4e5d-a810-0e30bffaf20e"]}}

16 янв. 02:52:55.444
[YDB Query Error]: Unexpected transport error code 16! Error itself: {"code":16,"details":"authentication header is missing","metadata":{"content-type":["application/grpc"],"grpc-status-details-bin":[{"type":"Buffer","data":[8,16,18,32,97,117,116,104,101,110,116,105,99,97,116,105,111,110,32,104,101,97,100,101,114,32,105,115,32,109,105,115,115,105,110,103,26,84,10,42,116,121,112,101,46,103,111,111,103,108,101,97,112,105,115,46,99,111,109,47,103,111,111,103,108,101,46,114,112,99,46,82,101,113,117,101,115,116,73,110,102,111,18,38,10,36,54,49,97,55,98,98,49,97,45,55,98,49,48,45,52,101,53,100,45,97,56,49,48,45,48,101,51,48,98,102,102,97,102,50,48,101]}],"x-request-id":["61a7bb1a-7b10-4e5d-a810-0e30bffaf20e"]}}

16 янв. 02:52:55.444
[YDB Query Error]: Unexpected transport error code 16! Error itself: {"code":16,"details":"authentication header is missing","metadata":{"content-type":["application/grpc"],"grpc-status-details-bin":[{"type":"Buffer","data":[8,16,18,32,97,117,116,104,101,110,116,105,99,97,116,105,111,110,32,104,101,97,100,101,114,32,105,115,32,109,105,115,115,105,110,103,26,84,10,42,116,121,112,101,46,103,111,111,103,108,101,97,112,105,115,46,99,111,109,47,103,111,111,103,108,101,46,114,112,99,46,82,101,113,117,101,115,116,73,110,102,111,18,38,10,36,54,49,97,55,98,98,49,97,45,55,98,49,48,45,52,101,53,100,45,97,56,49,48,45,48,101,51,48,98,102,102,97,102,50,48,101]}],"x-request-id":["61a7bb1a-7b10-4e5d-a810-0e30bffaf20e"]}}

16 янв. 02:52:55.444
[YDB Query Error]: Unexpected transport error code 16! Error itself: {"code":16,"details":"authentication header is missing","metadata":{"content-type":["application/grpc"],"grpc-status-details-bin":[{"type":"Buffer","data":[8,16,18,32,97,117,116,104,101,110,116,105,99,97,116,105,111,110,32,104,101,97,100,101,114,32,105,115,32,109,105,115,115,105,110,103,26,84,10,42,116,121,112,101,46,103,111,111,103,108,101,97,112,105,115,46,99,111,109,47,103,111,111,103,108,101,46,114,112,99,46,82,101,113,117,101,115,116,73,110,102,111,18,38,10,36,54,49,97,55,98,98,49,97,45,55,98,49,48,45,52,101,53,100,45,97,56,49,48,45,48,101,51,48,98,102,102,97,102,50,48,101]}],"x-request-id":["61a7bb1a-7b10-4e5d-a810-0e30bffaf20e"]}}

16 янв. 02:52:55.444
[YDB Query Error]: Unexpected transport error code 16! Error itself: {"code":16,"details":"authentication header is missing","metadata":{"content-type":["application/grpc"],"grpc-status-details-bin":[{"type":"Buffer","data":[8,16,18,32,97,117,116,104,101,110,116,105,99,97,116,105,111,110,32,104,101,97,100,101,114,32,105,115,32,109,105,115,115,105,110,103,26,84,10,42,116,121,112,101,46,103,111,111,103,108,101,97,112,105,115,46,99,111,109,47,103,111,111,103,108,101,46,114,112,99,46,82,101,113,117,101,115,116,73,110,102,111,18,38,10,36,54,49,97,55,98,98,49,97,45,55,98,49,48,45,52,101,53,100,45,97,56,49,48,45,48,101,51,48,98,102,102,97,102,50,48,101]}],"x-request-id":["61a7bb1a-7b10-4e5d-a810-0e30bffaf20e"]}}

16 янв. 02:52:55.444
[YDB Query Error]: Unexpected transport error code 16! Error itself: {"code":16,"details":"authentication header is missing","metadata":{"content-type":["application/grpc"],"grpc-status-details-bin":[{"type":"Buffer","data":[8,16,18,32,97,117,116,104,101,110,116,105,99,97,116,105,111,110,32,104,101,97,100,101,114,32,105,115,32,109,105,115,115,105,110,103,26,84,10,42,116,121,112,101,46,103,111,111,103,108,101,97,112,105,115,46,99,111,109,47,103,111,111,103,108,101,46,114,112,99,46,82,101,113,117,101,115,116,73,110,102,111,18,38,10,36,54,49,97,55,98,98,49,97,45,55,98,49,48,45,52,101,53,100,45,97,56,49,48,45,48,101,51,48,98,102,102,97,102,50,48,101]}],"x-request-id":["61a7bb1a-7b10-4e5d-a810-0e30bffaf20e"]}}

16 янв. 02:52:55.444
[YDB Query Error]: Unexpected transport error code 16! Error itself: {"code":16,"details":"authentication header is missing","metadata":{"content-type":["application/grpc"],"grpc-status-details-bin":[{"type":"Buffer","data":[8,16,18,32,97,117,116,104,101,110,116,105,99,97,116,105,111,110,32,104,101,97,100,101,114,32,105,115,32,109,105,115,115,105,110,103,26,84,10,42,116,121,112,101,46,103,111,111,103,108,101,97,112,105,115,46,99,111,109,47,103,111,111,103,108,101,46,114,112,99,46,82,101,113,117,101,115,116,73,110,102,111,18,38,10,36,54,49,97,55,98,98,49,97,45,55,98,49,48,45,52,101,53,100,45,97,56,49,48,45,48,101,51,48,98,102,102,97,102,50,48,101]}],"x-request-id":["61a7bb1a-7b10-4e5d-a810-0e30bffaf20e"]}}

16 янв. 02:52:55.444
[YDB Query Error]: Unexpected transport error code 16! Error itself: {"code":16,"details":"authentication header is missing","metadata":{"content-type":["application/grpc"],"grpc-status-details-bin":[{"type":"Buffer","data":[8,16,18,32,97,117,116,104,101,110,116,105,99,97,116,105,111,110,32,104,101,97,100,101,114,32,105,115,32,109,105,115,115,105,110,103,26,84,10,42,116,121,112,101,46,103,111,111,103,108,101,97,112,105,115,46,99,111,109,47,103,111,111,103,108,101,46,114,112,99,46,82,101,113,117,101,115,116,73,110,102,111,18,38,10,36,54,49,97,55,98,98,49,97,45,55,98,49,48,45,52,101,53,100,45,97,56,49,48,45,48,101,51,48,98,102,102,97,102,50,48,101]}],"x-request-id":["61a7bb1a-7b10-4e5d-a810-0e30bffaf20e"]}}

16 янв. 02:52:55.444
[YDB Query Error]: Unexpected transport error code 16! Error itself: {"code":16,"details":"authentication header is missing","metadata":{"content-type":["application/grpc"],"grpc-status-details-bin":[{"type":"Buffer","data":[8,16,18,32,97,117,116,104,101,110,116,105,99,97,116,105,111,110,32,104,101,97,100,101,114,32,105,115,32,109,105,115,115,105,110,103,26,84,10,42,116,121,112,101,46,103,111,111,103,108,101,97,112,105,115,46,99,111,109,47,103,111,111,103,108,101,46,114,112,99,46,82,101,113,117,101,115,116,73,110,102,111,18,38,10,36,54,49,97,55,98,98,49,97,45,55,98,49,48,45,52,101,53,100,45,97,56,49,48,45,48,101,51,48,98,102,102,97,102,50,48,101]}],"x-request-id":["61a7bb1a-7b10-4e5d-a810-0e30bffaf20e"]}}

16 янв. 02:52:55.444
[YDB Query Error]: Unexpected transport error code 16! Error itself: {"code":16,"details":"authentication header is missing","metadata":{"content-type":["application/grpc"],"grpc-status-details-bin":[{"type":"Buffer","data":[8,16,18,32,97,117,116,104,101,110,116,105,99,97,116,105,111,110,32,104,101,97,100,101,114,32,105,115,32,109,105,115,115,105,110,103,26,84,10,42,116,121,112,101,46,103,111,111,103,108,101,97,112,105,115,46,99,111,109,47,103,111,111,103,108,101,46,114,112,99,46,82,101,113,117,101,115,116,73,110,102,111,18,38,10,36,54,49,97,55,98,98,49,97,45,55,98,49,48,45,52,101,53,100,45,97,56,49,48,45,48,101,51,48,98,102,102,97,102,50,48,101]}],"x-request-id":["61a7bb1a-7b10-4e5d-a810-0e30bffaf20e"]}}

16 янв. 02:52:55.444
[YDB Query Error]: Unexpected transport error code 16! Error itself: {"code":16,"details":"authentication header is missing","metadata":{"content-type":["application/grpc"],"grpc-status-details-bin":[{"type":"Buffer","data":[8,16,18,32,97,117,116,104,101,110,116,105,99,97,116,105,111,110,32,104,101,97,100,101,114,32,105,115,32,109,105,115,115,105,110,103,26,84,10,42,116,121,112,101,46,103,111,111,103,108,101,97,112,105,115,46,99,111,109,47,103,111,111,103,108,101,46,114,112,99,46,82,101,113,117,101,115,116,73,110,102,111,18,38,10,36,54,49,97,55,98,98,49,97,45,55,98,49,48,45,52,101,53,100,45,97,56,49,48,45,48,101,51,48,98,102,102,97,102,50,48,101]}],"x-request-id":["61a7bb1a-7b10-4e5d-a810-0e30bffaf20e"]}}

16 янв. 02:52:55.444
[YDB Query Error]: Unexpected transport error code 16! Error itself: {"code":16,"details":"authentication header is missing","metadata":{"content-type":["application/grpc"],"grpc-status-details-bin":[{"type":"Buffer","data":[8,16,18,32,97,117,116,104,101,110,116,105,99,97,116,105,111,110,32,104,101,97,100,101,114,32,105,115,32,109,105,115,115,105,110,103,26,84,10,42,116,121,112,101,46,103,111,111,103,108,101,97,112,105,115,46,99,111,109,47,103,111,111,103,108,101,46,114,112,99,46,82,101,113,117,101,115,116,73,110,102,111,18,38,10,36,54,49,97,55,98,98,49,97,45,55,98,49,48,45,52,101,53,100,45,97,56,49,48,45,48,101,51,48,98,102,102,97,102,50,48,101]}],"x-request-id":["61a7bb1a-7b10-4e5d-a810-0e30bffaf20e"]}}

16 янв. 02:52:55.443
[YDB Query Error]: Unexpected transport error code 16! Error itself: {"code":16,"details":"authentication header is missing","metadata":{"content-type":["application/grpc"],"grpc-status-details-bin":[{"type":"Buffer","data":[8,16,18,32,97,117,116,104,101,110,116,105,99,97,116,105,111,110,32,104,101,97,100,101,114,32,105,115,32,109,105,115,115,105,110,103,26,84,10,42,116,121,112,101,46,103,111,111,103,108,101,97,112,105,115,46,99,111,109,47,103,111,111,103,108,101,46,114,112,99,46,82,101,113,117,101,115,116,73,110,102,111,18,38,10,36,54,49,97,55,98,98,49,97,45,55,98,49,48,45,52,101,53,100,45,97,56,49,48,45,48,101,51,48,98,102,102,97,102,50,48,101]}],"x-request-id":["61a7bb1a-7b10-4e5d-a810-0e30bffaf20e"]}}

16 янв. 02:52:55.443
[YDB Query Error]: Unexpected transport error code 16! Error itself: {"code":16,"details":"authentication header is missing","metadata":{"content-type":["application/grpc"],"grpc-status-details-bin":[{"type":"Buffer","data":[8,16,18,32,97,117,116,104,101,110,116,105,99,97,116,105,111,110,32,104,101,97,100,101,114,32,105,115,32,109,105,115,115,105,110,103,26,84,10,42,116,121,112,101,46,103,111,111,103,108,101,97,112,105,115,46,99,111,109,47,103,111,111,103,108,101,46,114,112,99,46,82,101,113,117,101,115,116,73,110,102,111,18,38,10,36,54,49,97,55,98,98,49,97,45,55,98,49,48,45,52,101,53,100,45,97,56,49,48,45,48,101,51,48,98,102,102,97,102,50,48,101]}],"x-request-id":["61a7bb1a-7b10-4e5d-a810-0e30bffaf20e"]}}

16 янв. 02:52:55.443
[YDB Query Error]: Unexpected transport error code 16! Error itself: {"code":16,"details":"authentication header is missing","metadata":{"content-type":["application/grpc"],"grpc-status-details-bin":[{"type":"Buffer","data":[8,16,18,32,97,117,116,104,101,110,116,105,99,97,116,105,111,110,32,104,101,97,100,101,114,32,105,115,32,109,105,115,115,105,110,103,26,84,10,42,116,121,112,101,46,103,111,111,103,108,101,97,112,105,115,46,99,111,109,47,103,111,111,103,108,101,46,114,112,99,46,82,101,113,117,101,115,116,73,110,102,111,18,38,10,36,54,49,97,55,98,98,49,97,45,55,98,49,48,45,52,101,53,100,45,97,56,49,48,45,48,101,51,48,98,102,102,97,102,50,48,101]}],"x-request-id":["61a7bb1a-7b10-4e5d-a810-0e30bffaf20e"]}}

16 янв. 02:52:55.443
[YDB Query Error]: Unexpected transport error code 16! Error itself: {"code":16,"details":"authentication header is missing","metadata":{"content-type":["application/grpc"],"grpc-status-details-bin":[{"type":"Buffer","data":[8,16,18,32,97,117,116,104,101,110,116,105,99,97,116,105,111,110,32,104,101,97,100,101,114,32,105,115,32,109,105,115,115,105,110,103,26,84,10,42,116,121,112,101,46,103,111,111,103,108,101,97,112,105,115,46,99,111,109,47,103,111,111,103,108,101,46,114,112,99,46,82,101,113,117,101,115,116,73,110,102,111,18,38,10,36,54,49,97,55,98,98,49,97,45,55,98,49,48,45,52,101,53,100,45,97,56,49,48,45,48,101,51,48,98,102,102,97,102,50,48,101]}],"x-request-id":["61a7bb1a-7b10-4e5d-a810-0e30bffaf20e"]}}

16 янв. 02:52:55.443
[YDB Query Error]: Unexpected transport error code 16! Error itself: {"code":16,"details":"authentication header is missing","metadata":{"content-type":["application/grpc"],"grpc-status-details-bin":[{"type":"Buffer","data":[8,16,18,32,97,117,116,104,101,110,116,105,99,97,116,105,111,110,32,104,101,97,100,101,114,32,105,115,32,109,105,115,115,105,110,103,26,84,10,42,116,121,112,101,46,103,111,111,103,108,101,97,112,105,115,46,99,111,109,47,103,111,111,103,108,101,46,114,112,99,46,82,101,113,117,101,115,116,73,110,102,111,18,38,10,36,54,49,97,55,98,98,49,97,45,55,98,49,48,45,52,101,53,100,45,97,56,49,48,45,48,101,51,48,98,102,102,97,102,50,48,101]}],"x-request-id":["61a7bb1a-7b10-4e5d-a810-0e30bffaf20e"]}}

16 янв. 02:52:55.443
[YDB Query Error]: Unexpected transport error code 16! Error itself: {"code":16,"details":"authentication header is missing","metadata":{"content-type":["application/grpc"],"grpc-status-details-bin":[{"type":"Buffer","data":[8,16,18,32,97,117,116,104,101,110,116,105,99,97,116,105,111,110,32,104,101,97,100,101,114,32,105,115,32,109,105,115,115,105,110,103,26,84,10,42,116,121,112,101,46,103,111,111,103,108,101,97,112,105,115,46,99,111,109,47,103,111,111,103,108,101,46,114,112,99,46,82,101,113,117,101,115,116,73,110,102,111,18,38,10,36,54,49,97,55,98,98,49,97,45,55,98,49,48,45,52,101,53,100,45,97,56,49,48,45,48,101,51,48,98,102,102,97,102,50,48,101]}],"x-request-id":["61a7bb1a-7b10-4e5d-a810-0e30bffaf20e"]}}

16 янв. 02:52:55.443
[YDB Query Error]: Unexpected transport error code 16! Error itself: {"code":16,"details":"authentication header is missing","metadata":{"content-type":["application/grpc"],"grpc-status-details-bin":[{"type":"Buffer","data":[8,16,18,32,97,117,116,104,101,110,116,105,99,97,116,105,111,110,32,104,101,97,100,101,114,32,105,115,32,109,105,115,115,105,110,103,26,84,10,42,116,121,112,101,46,103,111,111,103,108,101,97,112,105,115,46,99,111,109,47,103,111,111,103,108,101,46,114,112,99,46,82,101,113,117,101,115,116,73,110,102,111,18,38,10,36,54,49,97,55,98,98,49,97,45,55,98,49,48,45,52,101,53,100,45,97,56,49,48,45,48,101,51,48,98,102,102,97,102,50,48,101]}],"x-request-id":["61a7bb1a-7b10-4e5d-a810-0e30bffaf20e"]}}

16 янв. 02:52:55.443
[YDB Query Error]: Unexpected transport error code 16! Error itself: {"code":16,"details":"authentication header is missing","metadata":{"content-type":["application/grpc"],"grpc-status-details-bin":[{"type":"Buffer","data":[8,16,18,32,97,117,116,104,101,110,116,105,99,97,116,105,111,110,32,104,101,97,100,101,114,32,105,115,32,109,105,115,115,105,110,103,26,84,10,42,116,121,112,101,46,103,111,111,103,108,101,97,112,105,115,46,99,111,109,47,103,111,111,103,108,101,46,114,112,99,46,82,101,113,117,101,115,116,73,110,102,111,18,38,10,36,54,49,97,55,98,98,49,97,45,55,98,49,48,45,52,101,53,100,45,97,56,49,48,45,48,101,51,48,98,102,102,97,102,50,48,101]}],"x-request-id":["61a7bb1a-7b10-4e5d-a810-0e30bffaf20e"]}}

16 янв. 02:52:55.443
[YDB Query Error]: Unexpected transport error code 16! Error itself: {"code":16,"details":"authentication header is missing","metadata":{"content-type":["application/grpc"],"grpc-status-details-bin":[{"type":"Buffer","data":[8,16,18,32,97,117,116,104,101,110,116,105,99,97,116,105,111,110,32,104,101,97,100,101,114,32,105,115,32,109,105,115,115,105,110,103,26,84,10,42,116,121,112,101,46,103,111,111,103,108,101,97,112,105,115,46,99,111,109,47,103,111,111,103,108,101,46,114,112,99,46,82,101,113,117,101,115,116,73,110,102,111,18,38,10,36,54,49,97,55,98,98,49,97,45,55,98,49,48,45,52,101,53,100,45,97,56,49,48,45,48,101,51,48,98,102,102,97,102,50,48,101]}],"x-request-id":["61a7bb1a-7b10-4e5d-a810-0e30bffaf20e"]}}

16 янв. 02:52:55.443
[YDB Query Error]: Unexpected transport error code 16! Error itself: {"code":16,"details":"authentication header is missing","metadata":{"content-type":["application/grpc"],"grpc-status-details-bin":[{"type":"Buffer","data":[8,16,18,32,97,117,116,104,101,110,116,105,99,97,116,105,111,110,32,104,101,97,100,101,114,32,105,115,32,109,105,115,115,105,110,103,26,84,10,42,116,121,112,101,46,103,111,111,103,108,101,97,112,105,115,46,99,111,109,47,103,111,111,103,108,101,46,114,112,99,46,82,101,113,117,101,115,116,73,110,102,111,18,38,10,36,54,49,97,55,98,98,49,97,45,55,98,49,48,45,52,101,53,100,45,97,56,49,48,45,48,101,51,48,98,102,102,97,102,50,48,101]}],"x-request-id":["61a7bb1a-7b10-4e5d-a810-0e30bffaf20e"]}}

16 янв. 02:52:55.443
[YDB Query Error]: Unexpected transport error code 16! Error itself: {"code":16,"details":"authentication header is missing","metadata":{"content-type":["application/grpc"],"grpc-status-details-bin":[{"type":"Buffer","data":[8,16,18,32,97,117,116,104,101,110,116,105,99,97,116,105,111,110,32,104,101,97,100,101,114,32,105,115,32,109,105,115,115,105,110,103,26,84,10,42,116,121,112,101,46,103,111,111,103,108,101,97,112,105,115,46,99,111,109,47,103,111,111,103,108,101,46,114,112,99,46,82,101,113,117,101,115,116,73,110,102,111,18,38,10,36,54,49,97,55,98,98,49,97,45,55,98,49,48,45,52,101,53,100,45,97,56,49,48,45,48,101,51,48,98,102,102,97,102,50,48,101]}],"x-request-id":["61a7bb1a-7b10-4e5d-a810-0e30bffaf20e"]}}

16 янв. 02:52:55.443
[YDB Query Error]: Unexpected transport error code 16! Error itself: {"code":16,"details":"authentication header is missing","metadata":{"content-type":["application/grpc"],"grpc-status-details-bin":[{"type":"Buffer","data":[8,16,18,32,97,117,116,104,101,110,116,105,99,97,116,105,111,110,32,104,101,97,100,101,114,32,105,115,32,109,105,115,115,105,110,103,26,84,10,42,116,121,112,101,46,103,111,111,103,108,101,97,112,105,115,46,99,111,109,47,103,111,111,103,108,101,46,114,112,99,46,82,101,113,117,101,115,116,73,110,102,111,18,38,10,36,54,49,97,55,98,98,49,97,45,55,98,49,48,45,52,101,53,100,45,97,56,49,48,45,48,101,51,48,98,102,102,97,102,50,48,101]}],"x-request-id":["61a7bb1a-7b10-4e5d-a810-0e30bffaf20e"]}}

16 янв. 02:52:55.441
[YDB Query Error]: Unexpected transport error code 16! Error itself: {"code":16,"details":"authentication header is missing","metadata":{"content-type":["application/grpc"],"grpc-status-details-bin":[{"type":"Buffer","data":[8,16,18,32,97,117,116,104,101,110,116,105,99,97,116,105,111,110,32,104,101,97,100,101,114,32,105,115,32,109,105,115,115,105,110,103,26,84,10,42,116,121,112,101,46,103,111,111,103,108,101,97,112,105,115,46,99,111,109,47,103,111,111,103,108,101,46,114,112,99,46,82,101,113,117,101,115,116,73,110,102,111,18,38,10,36,54,49,97,55,98,98,49,97,45,55,98,49,48,45,52,101,53,100,45,97,56,49,48,45,48,101,51,48,98,102,102,97,102,50,48,101]}],"x-request-id":["61a7bb1a-7b10-4e5d-a810-0e30bffaf20e"]}}

16 янв. 02:52:55.441
[YDB Query Error]: Unexpected transport error code 16! Error itself: {"code":16,"details":"authentication header is missing","metadata":{"content-type":["application/grpc"],"grpc-status-details-bin":[{"type":"Buffer","data":[8,16,18,32,97,117,116,104,101,110,116,105,99,97,116,105,111,110,32,104,101,97,100,101,114,32,105,115,32,109,105,115,115,105,110,103,26,84,10,42,116,121,112,101,46,103,111,111,103,108,101,97,112,105,115,46,99,111,109,47,103,111,111,103,108,101,46,114,112,99,46,82,101,113,117,101,115,116,73,110,102,111,18,38,10,36,54,49,97,55,98,98,49,97,45,55,98,49,48,45,52,101,53,100,45,97,56,49,48,45,48,101,51,48,98,102,102,97,102,50,48,101]}],"x-request-id":["61a7bb1a-7b10-4e5d-a810-0e30bffaf20e"]}}

16 янв. 02:52:55.421
[YDB Query Error]: Unexpected transport error code 16! Error itself: {"code":16,"details":"authentication header is missing","metadata":{"content-type":["application/grpc"],"grpc-status-details-bin":[{"type":"Buffer","data":[8,16,18,32,97,117,116,104,101,110,116,105,99,97,116,105,111,110,32,104,101,97,100,101,114,32,105,115,32,109,105,115,115,105,110,103,26,84,10,42,116,121,112,101,46,103,111,111,103,108,101,97,112,105,115,46,99,111,109,47,103,111,111,103,108,101,46,114,112,99,46,82,101,113,117,101,115,116,73,110,102,111,18,38,10,36,54,49,97,55,98,98,49,97,45,55,98,49,48,45,52,101,53,100,45,97,56,49,48,45,48,101,51,48,98,102,102,97,102,50,48,101]}],"x-request-id":["61a7bb1a-7b10-4e5d-a810-0e30bffaf20e"]}}

16 янв. 02:52:55.421
[YDB Query Error]: Unexpected transport error code 16! Error itself: {"code":16,"details":"authentication header is missing","metadata":{"content-type":["application/grpc"],"grpc-status-details-bin":[{"type":"Buffer","data":[8,16,18,32,97,117,116,104,101,110,116,105,99,97,116,105,111,110,32,104,101,97,100,101,114,32,105,115,32,109,105,115,115,105,110,103,26,84,10,42,116,121,112,101,46,103,111,111,103,108,101,97,112,105,115,46,99,111,109,47,103,111,111,103,108,101,46,114,112,99,46,82,101,113,117,101,115,116,73,110,102,111,18,38,10,36,54,49,97,55,98,98,49,97,45,55,98,49,48,45,52,101,53,100,45,97,56,49,48,45,48,101,51,48,98,102,102,97,102,50,48,101]}],"x-request-id":["61a7bb1a-7b10-4e5d-a810-0e30bffaf20e"]}}

16 янв. 02:52:55.421
[YDB Query Error]: Unexpected transport error code 16! Error itself: {"code":16,"details":"authentication header is missing","metadata":{"content-type":["application/grpc"],"grpc-status-details-bin":[{"type":"Buffer","data":[8,16,18,32,97,117,116,104,101,110,116,105,99,97,116,105,111,110,32,104,101,97,100,101,114,32,105,115,32,109,105,115,115,105,110,103,26,84,10,42,116,121,112,101,46,103,111,111,103,108,101,97,112,105,115,46,99,111,109,47,103,111,111,103,108,101,46,114,112,99,46,82,101,113,117,101,115,116,73,110,102,111,18,38,10,36,54,49,97,55,98,98,49,97,45,55,98,49,48,45,52,101,53,100,45,97,56,49,48,45,48,101,51,48,98,102,102,97,102,50,48,101]}],"x-request-id":["61a7bb1a-7b10-4e5d-a810-0e30bffaf20e"]}}

16 янв. 02:52:55.421
[YDB Query Error]: Unexpected transport error code 16! Error itself: {"code":16,"details":"authentication header is missing","metadata":{"content-type":["application/grpc"],"grpc-status-details-bin":[{"type":"Buffer","data":[8,16,18,32,97,117,116,104,101,110,116,105,99,97,116,105,111,110,32,104,101,97,100,101,114,32,105,115,32,109,105,115,115,105,110,103,26,84,10,42,116,121,112,101,46,103,111,111,103,108,101,97,112,105,115,46,99,111,109,47,103,111,111,103,108,101,46,114,112,99,46,82,101,113,117,101,115,116,73,110,102,111,18,38,10,36,54,49,97,55,98,98,49,97,45,55,98,49,48,45,52,101,53,100,45,97,56,49,48,45,48,101,51,48,98,102,102,97,102,50,48,101]}],"x-request-id":["61a7bb1a-7b10-4e5d-a810-0e30bffaf20e"]}}

16 янв. 02:52:55.421
[YDB Query Error]: Unexpected transport error code 16! Error itself: {"code":16,"details":"authentication header is missing","metadata":{"content-type":["application/grpc"],"grpc-status-details-bin":[{"type":"Buffer","data":[8,16,18,32,97,117,116,104,101,110,116,105,99,97,116,105,111,110,32,104,101,97,100,101,114,32,105,115,32,109,105,115,115,105,110,103,26,84,10,42,116,121,112,101,46,103,111,111,103,108,101,97,112,105,115,46,99,111,109,47,103,111,111,103,108,101,46,114,112,99,46,82,101,113,117,101,115,116,73,110,102,111,18,38,10,36,54,49,97,55,98,98,49,97,45,55,98,49,48,45,52,101,53,100,45,97,56,49,48,45,48,101,51,48,98,102,102,97,102,50,48,101]}],"x-request-id":["61a7bb1a-7b10-4e5d-a810-0e30bffaf20e"]}}

16 янв. 02:52:55.420
[YDB Query Error]: Unexpected transport error code 16! Error itself: {"code":16,"details":"authentication header is missing","metadata":{"content-type":["application/grpc"],"grpc-status-details-bin":[{"type":"Buffer","data":[8,16,18,32,97,117,116,104,101,110,116,105,99,97,116,105,111,110,32,104,101,97,100,101,114,32,105,115,32,109,105,115,115,105,110,103,26,84,10,42,116,121,112,101,46,103,111,111,103,108,101,97,112,105,115,46,99,111,109,47,103,111,111,103,108,101,46,114,112,99,46,82,101,113,117,101,115,116,73,110,102,111,18,38,10,36,54,49,97,55,98,98,49,97,45,55,98,49,48,45,52,101,53,100,45,97,56,49,48,45,48,101,51,48,98,102,102,97,102,50,48,101]}],"x-request-id":["61a7bb1a-7b10-4e5d-a810-0e30bffaf20e"]}}

16 янв. 02:52:55.420
[YDB Query Error]: Unexpected transport error code 16! Error itself: {"code":16,"details":"authentication header is missing","metadata":{"content-type":["application/grpc"],"grpc-status-details-bin":[{"type":"Buffer","data":[8,16,18,32,97,117,116,104,101,110,116,105,99,97,116,105,111,110,32,104,101,97,100,101,114,32,105,115,32,109,105,115,115,105,110,103,26,84,10,42,116,121,112,101,46,103,111,111,103,108,101,97,112,105,115,46,99,111,109,47,103,111,111,103,108,101,46,114,112,99,46,82,101,113,117,101,115,116,73,110,102,111,18,38,10,36,54,49,97,55,98,98,49,97,45,55,98,49,48,45,52,101,53,100,45,97,56,49,48,45,48,101,51,48,98,102,102,97,102,50,48,101]}],"x-request-id":["61a7bb1a-7b10-4e5d-a810-0e30bffaf20e"]}}

16 янв. 02:52:55.420
[YDB Query Error]: Unexpected transport error code 16! Error itself: {"code":16,"details":"authentication header is missing","metadata":{"content-type":["application/grpc"],"grpc-status-details-bin":[{"type":"Buffer","data":[8,16,18,32,97,117,116,104,101,110,116,105,99,97,116,105,111,110,32,104,101,97,100,101,114,32,105,115,32,109,105,115,115,105,110,103,26,84,10,42,116,121,112,101,46,103,111,111,103,108,101,97,112,105,115,46,99,111,109,47,103,111,111,103,108,101,46,114,112,99,46,82,101,113,117,101,115,116,73,110,102,111,18,38,10,36,54,49,97,55,98,98,49,97,45,55,98,49,48,45,52,101,53,100,45,97,56,49,48,45,48,101,51,48,98,102,102,97,102,50,48,101]}],"x-request-id":["61a7bb1a-7b10-4e5d-a810-0e30bffaf20e"]}}

16 янв. 02:52:55.420
[YDB Query Error]: Unexpected transport error code 16! Error itself: {"code":16,"details":"authentication header is missing","metadata":{"content-type":["application/grpc"],"grpc-status-details-bin":[{"type":"Buffer","data":[8,16,18,32,97,117,116,104,101,110,116,105,99,97,116,105,111,110,32,104,101,97,100,101,114,32,105,115,32,109,105,115,115,105,110,103,26,84,10,42,116,121,112,101,46,103,111,111,103,108,101,97,112,105,115,46,99,111,109,47,103,111,111,103,108,101,46,114,112,99,46,82,101,113,117,101,115,116,73,110,102,111,18,38,10,36,54,49,97,55,98,98,49,97,45,55,98,49,48,45,52,101,53,100,45,97,56,49,48,45,48,101,51,48,98,102,102,97,102,50,48,101]}],"x-request-id":["61a7bb1a-7b10-4e5d-a810-0e30bffaf20e"]}}

16 янв. 02:52:55.420
[YDB Query Error]: Unexpected transport error code 16! Error itself: {"code":16,"details":"authentication header is missing","metadata":{"content-type":["application/grpc"],"grpc-status-details-bin":[{"type":"Buffer","data":[8,16,18,32,97,117,116,104,101,110,116,105,99,97,116,105,111,110,32,104,101,97,100,101,114,32,105,115,32,109,105,115,115,105,110,103,26,84,10,42,116,121,112,101,46,103,111,111,103,108,101,97,112,105,115,46,99,111,109,47,103,111,111,103,108,101,46,114,112,99,46,82,101,113,117,101,115,116,73,110,102,111,18,38,10,36,54,49,97,55,98,98,49,97,45,55,98,49,48,45,52,101,53,100,45,97,56,49,48,45,48,101,51,48,98,102,102,97,102,50,48,101]}],"x-request-id":["61a7bb1a-7b10-4e5d-a810-0e30bffaf20e"]}}

16 янв. 02:52:55.420
[YDB Query Error]: Unexpected transport error code 16! Error itself: {"code":16,"details":"authentication header is missing","metadata":{"content-type":["application/grpc"],"grpc-status-details-bin":[{"type":"Buffer","data":[8,16,18,32,97,117,116,104,101,110,116,105,99,97,116,105,111,110,32,104,101,97,100,101,114,32,105,115,32,109,105,115,115,105,110,103,26,84,10,42,116,121,112,101,46,103,111,111,103,108,101,97,112,105,115,46,99,111,109,47,103,111,111,103,108,101,46,114,112,99,46,82,101,113,117,101,115,116,73,110,102,111,18,38,10,36,54,49,97,55,98,98,49,97,45,55,98,49,48,45,52,101,53,100,45,97,56,49,48,45,48,101,51,48,98,102,102,97,102,50,48,101]}],"x-request-id":["61a7bb1a-7b10-4e5d-a810-0e30bffaf20e"]}}

16 янв. 02:52:55.420
[YDB Query Error]: Unexpected transport error code 16! Error itself: {"code":16,"details":"authentication header is missing","metadata":{"content-type":["application/grpc"],"grpc-status-details-bin":[{"type":"Buffer","data":[8,16,18,32,97,117,116,104,101,110,116,105,99,97,116,105,111,110,32,104,101,97,100,101,114,32,105,115,32,109,105,115,115,105,110,103,26,84,10,42,116,121,112,101,46,103,111,111,103,108,101,97,112,105,115,46,99,111,109,47,103,111,111,103,108,101,46,114,112,99,46,82,101,113,117,101,115,116,73,110,102,111,18,38,10,36,54,49,97,55,98,98,49,97,45,55,98,49,48,45,52,101,53,100,45,97,56,49,48,45,48,101,51,48,98,102,102,97,102,50,48,101]}],"x-request-id":["61a7bb1a-7b10-4e5d-a810-0e30bffaf20e"]}}

16 янв. 02:52:55.420
[YDB Query Error]: Unexpected transport error code 16! Error itself: {"code":16,"details":"authentication header is missing","metadata":{"content-type":["application/grpc"],"grpc-status-details-bin":[{"type":"Buffer","data":[8,16,18,32,97,117,116,104,101,110,116,105,99,97,116,105,111,110,32,104,101,97,100,101,114,32,105,115,32,109,105,115,115,105,110,103,26,84,10,42,116,121,112,101,46,103,111,111,103,108,101,97,112,105,115,46,99,111,109,47,103,111,111,103,108,101,46,114,112,99,46,82,101,113,117,101,115,116,73,110,102,111,18,38,10,36,54,49,97,55,98,98,49,97,45,55,98,49,48,45,52,101,53,100,45,97,56,49,48,45,48,101,51,48,98,102,102,97,102,50,48,101]}],"x-request-id":["61a7bb1a-7b10-4e5d-a810-0e30bffaf20e"]}}

16 янв. 02:52:55.420
[YDB Query Error]: Unexpected transport error code 16! Error itself: {"code":16,"details":"authentication header is missing","metadata":{"content-type":["application/grpc"],"grpc-status-details-bin":[{"type":"Buffer","data":[8,16,18,32,97,117,116,104,101,110,116,105,99,97,116,105,111,110,32,104,101,97,100,101,114,32,105,115,32,109,105,115,115,105,110,103,26,84,10,42,116,121,112,101,46,103,111,111,103,108,101,97,112,105,115,46,99,111,109,47,103,111,111,103,108,101,46,114,112,99,46,82,101,113,117,101,115,116,73,110,102,111,18,38,10,36,54,49,97,55,98,98,49,97,45,55,98,49,48,45,52,101,53,100,45,97,56,49,48,45,48,101,51,48,98,102,102,97,102,50,48,101]}],"x-request-id":["61a7bb1a-7b10-4e5d-a810-0e30bffaf20e"]}}

16 янв. 02:52:55.420
[YDB Query Error]: Unexpected transport error code 16! Error itself: {"code":16,"details":"authentication header is missing","metadata":{"content-type":["application/grpc"],"grpc-status-details-bin":[{"type":"Buffer","data":[8,16,18,32,97,117,116,104,101,110,116,105,99,97,116,105,111,110,32,104,101,97,100,101,114,32,105,115,32,109,105,115,115,105,110,103,26,84,10,42,116,121,112,101,46,103,111,111,103,108,101,97,112,105,115,46,99,111,109,47,103,111,111,103,108,101,46,114,112,99,46,82,101,113,117,101,115,116,73,110,102,111,18,38,10,36,54,49,97,55,98,98,49,97,45,55,98,49,48,45,52,101,53,100,45,97,56,49,48,45,48,101,51,48,98,102,102,97,102,50,48,101]}],"x-request-id":["61a7bb1a-7b10-4e5d-a810-0e30bffaf20e"]}}

16 янв. 02:52:55.420
[YDB Query Error]: Unexpected transport error code 16! Error itself: {"code":16,"details":"authentication header is missing","metadata":{"content-type":["application/grpc"],"grpc-